_H:	|Run	$Params	#FirstZero	#SSE	#AvgSSE	#PctErr	#PctCor	#CosDiff
_D:	0	UnBalIn	-1	0.02584	0.001033	0.07727	0.9227	0.978
_D:	1	UnBalIn	-1	0.0264	0.001056	0.07778	0.9222	0.977
_D:	2	UnBalIn	-1	0.02474	0.0009897	0.07374	0.9263	0.9777
_D:	3	UnBalIn	-1	0.02716	0.001086	0.07727	0.9227	0.9777
_D:	4	UnBalIn	-1	0.02824	0.001129	0.08485	0.9152	0.9769
_D:	5	UnBalIn	-1	0.02593	0.001037	0.07677	0.9232	0.9798
_D:	6	UnBalIn	-1	0.03209	0.001284	0.09192	0.9081	0.9764
_D:	7	UnBalIn	-1	0.02928	0.001171	0.08687	0.9131	0.976
_D:	8	UnBalIn	-1	0.02913	0.001165	0.08535	0.9146	0.9772
_D:	9	UnBalIn	-1	0.02801	0.00112	0.07828	0.9217	0.9784
