_H:	|Run	|Epoch	#SSE	#AvgSSE	#PctErr	#PctCor	#CosDiff	#Hid1 ActAvg	#Out ActAvg	#BlaNeOut ActAvg	#BlaPoOut ActAvg
_D:	9	0	3.873	0.1549	1	0	0.1252	0.08278	0.1452	0.2706	0.2701
_D:	9	1	2.273	0.0909	0.9833	0.01667	0.427	0.0794	0.1512	0.2915	0.2912
_D:	9	2	1.445	0.05779	0.9278	0.07222	0.6012	0.08017	0.1519	0.3029	0.3029
_D:	9	3	0.9717	0.03887	0.8444	0.1556	0.7015	0.07784	0.1484	0.3091	0.309
_D:	9	4	0.7437	0.02975	0.7722	0.2278	0.7645	0.07858	0.1494	0.3125	0.3125
_D:	9	5	0.5195	0.02078	0.6833	0.3167	0.8134	0.0778	0.1476	0.3154	0.3154
_D:	9	6	0.3603	0.01441	0.5278	0.4722	0.8511	0.08071	0.1518	0.316	0.316
_D:	9	7	0.2981	0.01192	0.4889	0.5111	0.8769	0.07986	0.1504	0.3163	0.3163
_D:	9	8	0.1976	0.007905	0.3889	0.6111	0.8972	0.08116	0.1516	0.3165	0.3165
_D:	9	9	0.1413	0.005653	0.3222	0.6778	0.909	0.08072	0.1482	0.3166	0.3166
_D:	9	10	0.1271	0.005083	0.3111	0.6889	0.9168	0.07921	0.1506	0.3166	0.3166
_D:	9	11	0.1137	0.004546	0.2611	0.7389	0.929	0.08169	0.1523	0.3166	0.3166
_D:	9	12	0.09351	0.00374	0.2389	0.7611	0.933	0.08226	0.1493	0.3167	0.3167
_D:	9	13	0.09204	0.003681	0.2278	0.7722	0.9392	0.08123	0.1486	0.3167	0.3167
_D:	9	14	0.09099	0.003639	0.2389	0.7611	0.9387	0.08329	0.1526	0.3167	0.3167
_D:	9	15	0.09574	0.003829	0.2556	0.7444	0.9352	0.08136	0.1497	0.3167	0.3167
_D:	9	16	0.05791	0.002316	0.1667	0.8333	0.9514	0.08327	0.1504	0.3167	0.3167
_D:	9	17	0.07593	0.003037	0.2	0.8	0.9499	0.08373	0.1474	0.3167	0.3167
_D:	9	18	0.05293	0.002117	0.15	0.85	0.9542	0.08429	0.1481	0.3167	0.3167
_D:	9	19	0.06281	0.002512	0.1833	0.8167	0.9542	0.08535	0.1496	0.3167	0.3167
_D:	9	20	0.08932	0.003573	0.2333	0.7667	0.9451	0.08342	0.1507	0.3167	0.3167
_D:	9	21	0.04529	0.001812	0.1333	0.8667	0.9608	0.08452	0.1479	0.3167	0.3167
_D:	9	22	0.05773	0.002309	0.15	0.85	0.9608	0.08603	0.1519	0.3167	0.3167
_D:	9	23	0.02834	0.001134	0.08333	0.9167	0.9684	0.08579	0.1502	0.3167	0.3167
_D:	9	24	0.04026	0.001611	0.1111	0.8889	0.9625	0.08719	0.1501	0.3167	0.3167
_D:	9	25	0.05987	0.002395	0.1722	0.8278	0.9593	0.08574	0.1488	0.3167	0.3167
_D:	9	26	0.0285	0.00114	0.08889	0.9111	0.9692	0.08716	0.1473	0.3167	0.3167
_D:	9	27	0.02456	0.0009824	0.07222	0.9278	0.9742	0.08668	0.149	0.3167	0.3167
_D:	9	28	0.03696	0.001478	0.1111	0.8889	0.9688	0.08799	0.1484	0.3167	0.3167
_D:	9	29	0.03285	0.001314	0.09444	0.9056	0.9713	0.08829	0.1493	0.3167	0.3167
_D:	9	30	0.08275	0.00331	0.2	0.8	0.9594	0.08731	0.1519	0.3167	0.3167
_D:	9	31	0.02035	0.0008139	0.06111	0.9389	0.9745	0.09038	0.1497	0.3167	0.3167
_D:	9	32	0.02905	0.001162	0.08889	0.9111	0.9748	0.08965	0.1519	0.3167	0.3167
_D:	9	33	0.02302	0.0009207	0.07222	0.9278	0.972	0.08939	0.1492	0.3167	0.3167
_D:	9	34	0.03847	0.001539	0.1111	0.8889	0.9722	0.0914	0.15	0.3167	0.3167
_D:	9	35	0.06307	0.002523	0.1778	0.8222	0.9639	0.08912	0.1479	0.3167	0.3167
_D:	9	36	0.01197	0.0004788	0.03889	0.9611	0.9821	0.09011	0.1494	0.3167	0.3167
_D:	9	37	0.02482	0.0009929	0.07778	0.9222	0.976	0.09136	0.1484	0.3167	0.3167
_D:	9	38	0.02927	0.001171	0.08333	0.9167	0.9791	0.09173	0.1508	0.3167	0.3167
_D:	9	39	0.02135	0.000854	0.06667	0.9333	0.9774	0.09291	0.152	0.3167	0.3167
_D:	9	40	0.05948	0.002379	0.1667	0.8333	0.9668	0.08976	0.1458	0.3167	0.3167
_D:	9	41	0.01929	0.0007714	0.06111	0.9389	0.9806	0.09156	0.1488	0.3167	0.3167
_D:	9	42	0.03023	0.001209	0.08333	0.9167	0.9793	0.0931	0.1486	0.3167	0.3167
_D:	9	43	0.01588	0.000635	0.05	0.95	0.98	0.09305	0.1484	0.3167	0.3167
_D:	9	44	0.03348	0.001339	0.1056	0.8944	0.9782	0.09353	0.1484	0.3167	0.3167
_D:	9	45	0.05128	0.002051	0.1222	0.8778	0.971	0.09254	0.1477	0.3167	0.3167
_D:	9	46	0.01602	0.0006408	0.05	0.95	0.9836	0.09318	0.1483	0.3167	0.3167
_D:	9	47	0.0221	0.0008841	0.05556	0.9444	0.9822	0.09363	0.1505	0.3167	0.3167
_D:	9	48	0.02308	0.000923	0.05556	0.9444	0.9813	0.09356	0.1459	0.3167	0.3167
_D:	9	49	0.01588	0.0006352	0.04444	0.9556	0.9822	0.09592	0.15	0.3167	0.3167
