_H:	|Cycle	#Hid1 Ge.Avg	#Out Ge.Avg	#BlaNeOut Ge.Avg	#BlaPoOut Ge.Avg	#Hid1 Act.Avg	#Out Act.Avg	#BlaNeOut Act.Avg	#BlaPoOut Act.Avg
_D:	0	0.0722	0	0	0	1.117e-25	1.325e-29	1.325e-29	1.325e-29
_D:	1	0.09283	0	0	0	1.533e-21	9.671e-30	9.671e-30	9.671e-30
_D:	2	0.09872	0	0	0	3.114e-17	6.758e-30	6.758e-30	6.758e-30
_D:	3	0.1004	0	0	0	3.162e-13	4.711e-30	4.711e-30	4.711e-30
_D:	4	0.1009	0	0	0	1.335e-09	3.283e-30	3.283e-30	3.283e-30
_D:	5	0.101	0	0	0	2.426e-06	2.288e-30	2.288e-30	2.288e-30
_D:	6	0.1011	0	0	0	0.002766	1.595e-30	1.595e-30	1.595e-30
_D:	7	0.1011	0.01283	3.846e-05	5.865e-05	0.01939	1.112e-30	1.112e-30	1.112e-30
_D:	8	0.1011	0.09173	0.03041	0.02505	0.0348	7.843e-31	7.748e-31	7.748e-31
_D:	9	0.1011	0.1827	0.06421	0.05534	0.04745	2.322e-22	5.4e-31	5.4e-31
_D:	10	0.1011	0.2579	0.1007	0.08834	0.05282	2.931e-10	7.692e-31	3.849e-31
_D:	11	0.1011	0.3011	0.1207	0.1073	0.0519	0.02319	1.169e-26	5.207e-29
_D:	12	0.1039	0.3102	0.1237	0.1106	0.05126	0.05071	1.472e-22	1.727e-25
_D:	13	0.1081	0.3117	0.1218	0.1105	0.05228	0.06994	5.876e-19	2.621e-22
_D:	14	0.1117	0.3174	0.1205	0.1126	0.0537	0.1059	8.584e-16	2.179e-19
_D:	15	0.1166	0.3251	0.1152	0.1163	0.05513	0.1545	3.609e-13	1.129e-16
_D:	16	0.1238	0.3345	0.1151	0.1202	0.05672	0.1415	7.611e-11	3.829e-14
_D:	17	0.1244	0.3443	0.1164	0.1234	0.05732	0.1326	9.27e-09	8.335e-12
_D:	18	0.122	0.3503	0.1168	0.1249	0.05711	0.1284	6.939e-07	1.102e-09
_D:	19	0.1213	0.3517	0.1163	0.1252	0.05693	0.1302	3.41e-05	8.896e-08
_D:	20	0.1214	0.3519	0.1157	0.1251	0.05704	0.1316	0.001103	4.582e-06
_D:	21	0.1218	0.3525	0.1154	0.1252	0.05725	0.1321	0.07649	0.0001555
_D:	22	0.1271	0.3534	0.1153	0.1256	0.05708	0.1321	0.05331	0.003161
_D:	23	0.1273	0.3502	0.1138	0.1225	0.0571	0.1314	0.03716	0.07489
_D:	24	0.1308	0.3508	0.1148	0.1204	0.05754	0.1331	0.03062	0.0523
_D:	25	0.1283	0.3509	0.114	0.1223	0.05808	0.1316	0.05073	0.03647
_D:	26	0.1299	0.3527	0.1136	0.1256	0.05782	0.1311	0.03574	0.02618
_D:	27	0.127	0.3548	0.1135	0.126	0.05749	0.1326	0.03425	0.04829
_D:	28	0.1293	0.3544	0.1133	0.1248	0.05764	0.1332	0.04441	0.03399
_D:	29	0.1297	0.3551	0.1133	0.1249	0.05769	0.1332	0.03373	0.03147
_D:	30	0.127	0.3551	0.1134	0.1248	0.0576	0.1334	0.04233	0.04267
_D:	31	0.1294	0.3551	0.1135	0.1238	0.05769	0.1334	0.0353	0.03137
_D:	32	0.127	0.3555	0.1136	0.1239	0.05761	0.1335	0.04196	0.03741
_D:	33	0.1296	0.3551	0.1136	0.1232	0.0578	0.1338	0.03542	0.03213
_D:	34	0.1276	0.3557	0.1136	0.1231	0.0578	0.134	0.04199	0.03732
_D:	35	0.1298	0.356	0.1137	0.1223	0.05788	0.1346	0.03563	0.03085
_D:	36	0.1278	0.3567	0.1138	0.1223	0.05783	0.1348	0.04204	0.03712
_D:	37	0.13	0.3567	0.1137	0.1217	0.05791	0.1354	0.03558	0.03048
_D:	38	0.128	0.3572	0.1137	0.1219	0.05787	0.1353	0.04214	0.03697
_D:	39	0.13	0.357	0.1136	0.1213	0.05793	0.1351	0.03554	0.03022
_D:	40	0.128	0.3575	0.1137	0.1215	0.05788	0.1355	0.04218	0.03673
_D:	41	0.1302	0.3572	0.1136	0.121	0.05796	0.1354	0.03553	0.03015
_D:	42	0.1281	0.3575	0.1137	0.1213	0.0579	0.1359	0.04227	0.03669
_D:	43	0.1302	0.3573	0.1136	0.1207	0.05797	0.1357	0.0355	0.02987
_D:	44	0.1281	0.3581	0.1136	0.1211	0.0579	0.1358	0.04222	0.03653
_D:	45	0.1302	0.3579	0.1136	0.1207	0.05798	0.1361	0.03551	0.02993
_D:	46	0.1282	0.3583	0.1136	0.121	0.05793	0.136	0.04222	0.03635
_D:	47	0.1302	0.358	0.1136	0.1206	0.05799	0.1365	0.03549	0.02991
_D:	48	0.1282	0.3583	0.1136	0.1209	0.05794	0.1359	0.04229	0.03646
_D:	49	0.1303	0.358	0.1136	0.1205	0.058	0.1361	0.03547	0.02987
_D:	50	0.1277	0.3583	0.1136	0.1208	0.05785	0.136	0.04229	0.03635
_D:	51	0.1297	0.3579	0.1136	0.1204	0.05786	0.1361	0.03549	0.02989
_D:	52	0.1276	0.3578	0.1135	0.1207	0.05781	0.136	0.04253	0.03692
_D:	53	0.1297	0.3573	0.1134	0.1203	0.05788	0.1356	0.03558	0.02988
_D:	54	0.1276	0.3575	0.1135	0.1208	0.05783	0.1353	0.04244	0.03685
_D:	55	0.1297	0.3574	0.1135	0.1205	0.05788	0.1356	0.03557	0.03006
_D:	56	0.1276	0.3576	0.1135	0.121	0.05783	0.1358	0.04251	0.03693
_D:	57	0.1297	0.3574	0.1135	0.1206	0.05789	0.1356	0.03555	0.03013
_D:	58	0.1276	0.3577	0.1135	0.1211	0.05784	0.1354	0.04249	0.03688
_D:	59	0.1297	0.3574	0.1135	0.1207	0.05788	0.1357	0.03556	0.03017
_D:	60	0.1277	0.3577	0.1134	0.1211	0.05785	0.1354	0.04211	0.03688
_D:	61	0.1297	0.3574	0.1134	0.1207	0.0579	0.136	0.03559	0.03017
_D:	62	0.1277	0.3577	0.1135	0.1211	0.05785	0.1355	0.0425	0.03693
_D:	63	0.1298	0.3574	0.1135	0.1207	0.0579	0.1356	0.0355	0.03017
_D:	64	0.1277	0.3576	0.1135	0.121	0.05786	0.1354	0.04248	0.03689
_D:	65	0.1298	0.3574	0.1135	0.1207	0.05791	0.1357	0.03551	0.03016
_D:	66	0.1278	0.3577	0.1135	0.1211	0.05788	0.1359	0.04244	0.03685
_D:	67	0.1299	0.3574	0.1135	0.1207	0.05792	0.1358	0.03552	0.03016
_D:	68	0.1278	0.3577	0.1136	0.121	0.05788	0.1355	0.04242	0.03682
_D:	69	0.1298	0.3574	0.1135	0.1206	0.05792	0.1357	0.03553	0.03014
_D:	70	0.1278	0.3577	0.1136	0.121	0.05788	0.1356	0.04241	0.03681
_D:	71	0.1299	0.3575	0.1135	0.1206	0.05793	0.1361	0.03552	0.03014
_D:	72	0.1278	0.3577	0.1136	0.121	0.05788	0.1356	0.04239	0.03681
_D:	73	0.1299	0.3575	0.1135	0.1206	0.05793	0.1357	0.03552	0.03014
_D:	74	0.1278	0.3577	0.1136	0.121	0.05788	0.1356	0.04238	0.0368
_D:	75	0.1299	0.3575	0.1135	0.1206	0.05793	0.114	0	0
_D:	76	0.1234	0.3577	0.1136	0.121	0.05756	0.114	0	0
_D:	77	0.1215	0.3567	0.1133	0.1217	0.05739	0.114	0	0
_D:	78	0.121	0.3533	0.1131	0.1226	0.05737	0.114	0	0
_D:	79	0.1208	0.3531	0.1131	0.1238	0.05739	0.114	0	0
_D:	80	0.1208	0.3534	0.113	0.1245	0.05741	0.114	0	0
_D:	81	0.1208	0.3539	0.113	0.1252	0.05741	0.114	0	0
_D:	82	0.1207	0.3546	0.1131	0.1257	0.05741	0.114	0	0
_D:	83	0.1207	0.3547	0.1131	0.126	0.05741	0.114	0	0
_D:	84	0.1207	0.3544	0.113	0.1259	0.05741	0.114	0	0
_D:	85	0.1207	0.3545	0.113	0.1261	0.05741	0.114	0	0
_D:	86	0.1207	0.3547	0.1131	0.1263	0.05741	0.114	0	0
_D:	87	0.1207	0.3549	0.1131	0.1263	0.05741	0.114	0	0
_D:	88	0.1207	0.3551	0.1131	0.1264	0.05741	0.114	0	0
_D:	89	0.1207	0.3552	0.113	0.1264	0.05741	0.114	0	0
_D:	90	0.1207	0.3553	0.113	0.1266	0.05741	0.114	0	0
_D:	91	0.1207	0.3553	0.113	0.1266	0.05741	0.114	0	0
_D:	92	0.1207	0.3553	0.113	0.1266	0.05741	0.114	0	0
_D:	93	0.1207	0.3553	0.113	0.1266	0.05741	0.114	0	0
_D:	94	0.1207	0.3553	0.113	0.1266	0.05741	0.114	0	0
_D:	95	0.1207	0.3553	0.113	0.1266	0.05741	0.114	0	0
_D:	96	0.1207	0.3553	0.113	0.1266	0.05741	0.114	0	0
_D:	97	0.1207	0.3553	0.113	0.1266	0.05741	0.114	0	0
_D:	98	0.1207	0.3553	0.113	0.1266	0.05741	0.114	0	0
_D:	99	0.1207	0.3553	0.113	0.1266	0.05741	0.114	0	0
