_H:	|Run	|Epoch	#SSE	#AvgSSE	#PctErr	#PctCor	#CosDiff
_D:	9	4	94.28	0.02095	0.65	0.35	0.8135
_D:	9	9	17.36	0.003857	0.2333	0.7667	0.9343
_D:	9	14	8.196	0.001821	0.1278	0.8722	0.956
_D:	9	19	10.61	0.002358	0.1611	0.8389	0.9634
_D:	9	24	4.48	0.0009956	0.06111	0.9389	0.9778
_D:	9	29	3.719	0.0008263	0.04444	0.9556	0.9776
_D:	9	34	1.501	0.0003336	0.02778	0.9722	0.986
_D:	9	39	3.475	0.0007723	0.05556	0.9444	0.9859
_D:	9	44	2.842	0.0006315	0.03889	0.9611	0.988
_D:	9	49	2.183	0.0004852	0.03889	0.9611	0.9905
