_H:	|Run	|Epoch	|Trial	$TrialName	#SSE	#AvgSSE	#CosDiff	#Hid1 ActM.Avg	#Out ActM.Avg	#BlaNeOut ActM.Avg	#BlaPoOut ActM.Avg	#InAct[2:0,0]<2:5,5>	#InAct[2:0,1]	#InAct[2:0,2]	#InAct[2:0,3]	#InAct[2:0,4]	#InAct[2:1,0]	#InAct[2:1,1]	#InAct[2:1,2]	#InAct[2:1,3]	#InAct[2:1,4]	#InAct[2:2,0]	#InAct[2:2,1]	#InAct[2:2,2]	#InAct[2:2,3]	#InAct[2:2,4]	#InAct[2:3,0]	#InAct[2:3,1]	#InAct[2:3,2]	#InAct[2:3,3]	#InAct[2:3,4]	#InAct[2:4,0]	#InAct[2:4,1]	#InAct[2:4,2]	#InAct[2:4,3]	#InAct[2:4,4]	#BlaNeInAct[2:0,0]<2:3,1>	#BlaNeInAct[2:1,0]	#BlaNeInAct[2:2,0]	#BlaPoInAct[2:0,0]<2:3,1>	#BlaPoInAct[2:1,0]	#BlaPoInAct[2:2,0]	#BlaNeOutAct[2:0,0]<2:3,1>	#BlaNeOutAct[2:1,0]	#BlaNeOutAct[2:2,0]	#BlaPoOutAct[2:0,0]<2:3,1>	#BlaPoOutAct[2:1,0]	#BlaPoOutAct[2:2,0]	#OutActM[2:0,0]<2:5,5>	#OutActM[2:0,1]	#OutActM[2:0,2]	#OutActM[2:0,3]	#OutActM[2:0,4]	#OutActM[2:1,0]	#OutActM[2:1,1]	#OutActM[2:1,2]	#OutActM[2:1,3]	#OutActM[2:1,4]	#OutActM[2:2,0]	#OutActM[2:2,1]	#OutActM[2:2,2]	#OutActM[2:2,3]	#OutActM[2:2,4]	#OutActM[2:3,0]	#OutActM[2:3,1]	#OutActM[2:3,2]	#OutActM[2:3,3]	#OutActM[2:3,4]	#OutActM[2:4,0]	#OutActM[2:4,1]	#OutActM[2:4,2]	#OutActM[2:4,3]	#OutActM[2:4,4]	#OutActP[2:0,0]<2:5,5>	#OutActP[2:0,1]	#OutActP[2:0,2]	#OutActP[2:0,3]	#OutActP[2:0,4]	#OutActP[2:1,0]	#OutActP[2:1,1]	#OutActP[2:1,2]	#OutActP[2:1,3]	#OutActP[2:1,4]	#OutActP[2:2,0]	#OutActP[2:2,1]	#OutActP[2:2,2]	#OutActP[2:2,3]	#OutActP[2:2,4]	#OutActP[2:3,0]	#OutActP[2:3,1]	#OutActP[2:3,2]	#OutActP[2:3,3]	#OutActP[2:3,4]	#OutActP[2:4,0]	#OutActP[2:4,1]	#OutActP[2:4,2]	#OutActP[2:4,3]	#OutActP[2:4,4]
_D:	9	49	0	evt_0	0	0	0.9996	0.1199	0.1447	0.3101	1.956e-09	0.95	0	0	0	0	0	0	0	0	0	0	0	0	0	0	0	0	0	0.95	0.95	0	0	0	0.95	0	0.95	0	0	0	0	0	0.95	0	0	0	0	0	0.8674	0.01388	6.183e-05	0.0001408	1.357e-06	7.394e-05	0.0005916	0.006888	6.11e-05	0.0008451	1.214e-05	0.006524	0.0001874	0.00931	0.0003289	0.009134	5.7e-05	4.562e-06	0.8806	0.893	0.002216	0.0005651	5.076e-07	0.8869	0.03782	0.95	0	0	0	0	0	0	0	0	0	0	0	0	0	0	0	0	0	0.95	0.95	0	0	0	0.95	0
_D:	9	49	1	evt_1	0	0	0.9941	0.1236	0.1588	0.3101	6.952e-06	0	0	0	0	0	0	0	0.95	0.95	0	0.95	0	0	0	0	0	0	0.95	0	0	0	0	0	0	0	0.95	0	0	0	0	0	0.95	0	0	0	0	0	0.002209	0.009782	0.01494	0.0001162	0.009212	0.01087	0.001645	0.9261	0.9158	0.006063	0.8996	0.004518	2.439e-05	0.002216	0.0002567	0.01289	0.0394	0.8869	0.01099	0.004142	0.01928	0.006203	6.999e-05	0.1836	0.003146	0	0	0	0	0	0	0	0.95	0.95	0	0.95	0	0	0	0	0	0	0.95	0	0	0	0	0	0	0
_D:	9	49	2	evt_2	0	0	0.9738	0.1086	0.09701	0.3132	0.007308	0.95	0	0	0	0	0	0	0	0.95	0	0	0	0	0	0	0	0	0	0	0	0	0	0	0	0	0.95	0	0	0	0	0	0.95	0	0	0	0	0	0.8855	1.418e-05	8.398e-10	0.2041	1.2e-05	0.0007597	0.004359	0.0006419	0.8623	4.204e-05	0.003246	0.0008381	8.178e-09	2.773e-07	3.19e-06	0.007188	4.146e-07	0.0003091	0.1336	0.1493	0.05347	0.07374	0.005588	0.03001	0.01012	0.95	0	0	0	0	0	0	0	0.95	0	0	0	0	0	0	0	0	0	0	0	0	0	0	0	0
_D:	9	49	3	evt_3	0	0	0.9994	0.1309	0.215	0.306	0.002284	0	0	0	0	0	0.95	0	0.95	0.95	0	0.95	0	0	0	0	0	0.95	0	0	0	0	0	0	0	0.95	0.95	0	0	0	0	0	0.95	0	0	0	0	0	0.002068	0.001611	1.19e-05	3.991e-06	0.01327	0.8644	0.002769	0.8354	0.8962	1.458e-06	0.917	3.674e-07	0.008012	0.007515	0.007693	0.01081	0.8898	0.0005484	0.005407	0.008516	0.0006027	9.544e-06	6.907e-10	0.01318	0.8891	0	0	0	0	0	0.95	0	0.95	0.95	0	0.95	0	0	0	0	0	0.95	0	0	0	0	0	0	0	0.95
_D:	9	49	4	evt_4	0	0	0.9318	0.1064	0.09786	0.3134	6.783e-13	0	0	0	0.95	0	0.95	0	0	0	0	0	0	0	0	0	0	0	0	0	0	0	0	0	0	0	0.95	0	0	0	0	0	0.95	0	0	0	0	0	0.001148	0.2739	3.034e-05	0.8463	0.00771	0.8346	0.001854	1.318e-07	0.03063	0.01352	3.602e-05	0.001709	0.0008483	0.002791	6.787e-05	0.04316	6.388e-06	8.971e-09	1.267e-08	6.724e-07	0.009508	0.01003	0.3593	0.001623	0.007719	0	0	0	0.95	0	0.95	0	0	0	0	0	0	0	0	0	0	0	0	0	0	0	0	0	0	0
_D:	9	49	5	evt_5	0	0	0.9996	0.1353	0.2777	0.2912	0.002484	0	0	0	0	0.95	0	0	0.95	0.95	0	0	0.95	0	0.95	0	0	0	0.95	0.95	0	0.95	0	0	0	0	0.95	0	0	0	0	0	0.95	0	0	0	0	0	1.104e-09	5.587e-07	1.142e-05	3.982e-06	0.8537	0.002015	0.002275	0.8391	0.8666	9.932e-06	0.0002757	0.8838	1.131e-06	0.8697	5.881e-07	8.372e-05	0.0003132	0.871	0.8941	0.000968	0.8361	0.00832	7.995e-06	0.0128	0.0005135	0	0	0	0	0.95	0	0	0.95	0.95	0	0	0.95	0	0.95	0	0	0	0.95	0.95	0	0.95	0	0	0	0
_D:	9	49	6	evt_6	0	0	0.9994	0.1226	0.1819	0.3073	2.011e-09	0	0.95	0.95	0	0	0	0	0	0	0	0	0	0	0	0	0	0	0.95	0	0	0.95	0.95	0	0	0	0.95	0	0	0	0	0	0.95	0	0	0	0	0	8.539e-05	0.8767	0.8975	0.000246	1.066e-06	0.05981	0.002185	3.073e-05	1.74e-06	0.002415	0.0007325	0.0004829	1.756e-07	3.837e-05	2.187e-10	4.281e-05	0.0122	0.8798	0.005652	0.01178	0.9051	0.8922	0.0001659	4.679e-06	6.683e-07	0	0.95	0.95	0	0	0	0	0	0	0	0	0	0	0	0	0	0	0.95	0	0	0.95	0.95	0	0	0
_D:	9	49	7	evt_7	0	0	0.9988	0.1193	0.1454	0.3126	1.588e-09	0	0	0	0	0	0	0.95	0	0	0	0	0	0	0	0	0	0	0	0	0.95	0.95	0	0	0	0.95	0.95	0	0	0	0	0	0.95	0	0	0	0	0	0.00991	0.02282	0.01503	0.0003799	1.478e-05	0.002064	0.8734	0.0002421	0.007107	2.973e-05	0.01514	5.853e-09	1.779e-05	0.01066	0.001307	0.00494	3.249e-05	0.001461	0.0582	0.8571	0.9113	1.918e-10	3.927e-07	3.91e-07	0.8441	0	0	0	0	0	0	0.95	0	0	0	0	0	0	0	0	0	0	0	0	0.95	0.95	0	0	0	0.95
_D:	9	49	8	evt_8	0	0	0.9561	0.1112	0.1238	0.3109	9.155e-23	0	0	0	0	0	0	0	0	0	0	0	0	0	0	0.95	0	0	0.95	0.95	0	0	0	0	0	0	0.95	0	0	0	0	0	0.95	0	0	0	0	0	0.4195	0.000696	2.392e-06	0.001638	0.0004322	0.008684	0.001964	0.01389	1.895e-05	1.272e-05	0.005192	0.007596	0.004837	0.01027	0.8234	0.004166	3.746e-07	0.8335	0.8862	9.102e-07	0.01008	2.24e-06	0.05253	1.949e-06	0.009672	0	0	0	0	0	0	0	0	0	0	0	0	0	0	0.95	0	0	0.95	0.95	0	0	0	0	0	0
_D:	9	49	9	evt_9	0	0	0.9997	0.12	0.1478	0.311	0.0128	0.95	0	0	0	0	0	0	0	0.95	0	0.95	0	0	0	0	0	0	0	0	0	0	0.95	0	0	0	0.95	0	0	0	0	0	0.95	0	0	0	0	0	0.9145	0.01081	0.0001614	0.0005391	0.007186	0.008638	0.01039	0.01365	0.887	0.0004438	0.9075	0.0001179	0.0004405	0.0005818	7.735e-06	3.131e-05	0.008594	0.003524	0.01727	0.001528	0.01328	0.8789	0.0002679	0.01038	0.0004337	0.95	0	0	0	0	0	0	0	0.95	0	0.95	0	0	0	0	0	0	0	0	0	0	0.95	0	0	0
_D:	9	49	10	evt_10	0	0	0.9996	0.1291	0.2147	0.301	1.138e-06	0	0	0.95	0	0	0.95	0	0	0	0	0	0	0	0.95	0	0	0	0	0.95	0	0.95	0	0	0	0.95	0.95	0	0	0	0	0	0.95	0	0	0	0	0	9.98e-07	0.008122	0.8672	0.009931	2.143e-06	0.9085	5.212e-05	4.662e-06	5.689e-09	0.0003965	0.005194	0.00411	6.07e-06	0.8561	3.222e-05	0.0001829	0.0003758	3.169e-05	0.9108	0.01438	0.9062	0.0008035	3.201e-08	9.417e-08	0.875	0	0	0.95	0	0	0.95	0	0	0	0	0	0	0	0.95	0	0	0	0	0.95	0	0.95	0	0	0	0.95
_D:	9	49	11	evt_11	0	0	0.9998	0.1239	0.1832	0.3061	1.82e-06	0	0	0	0	0	0	0	0	0	0.95	0	0	0	0.95	0	0	0	0	0	0	0.95	0.95	0.95	0	0	0.95	0	0	0	0	0	0.95	0	0	0	0	0	1.354e-06	0.0001613	0.009272	0.007574	0.0002318	0.01016	0.0005727	0.0006702	1.219e-06	0.8958	1.653e-06	6.666e-07	0.03273	0.901	1.426e-07	0.001539	0.0005734	0.0002454	0.0001145	0.01015	0.893	0.9178	0.8976	0.0004292	8.662e-06	0	0	0	0	0	0	0	0	0	0.95	0	0	0	0.95	0	0	0	0	0	0	0.95	0.95	0.95	0	0
_D:	9	49	12	evt_12	0	0	0.9992	0.1294	0.2421	0.2972	0.002655	0	0.95	0	0	0.95	0.95	0	0.95	0.95	0	0.95	0	0	0	0	0	0	0	0	0.95	0	0	0	0	0	0.95	0	0	0	0	0	0.95	0	0	0	0	0	2.323e-07	0.8464	3.085e-06	6.477e-07	0.8683	0.8429	6.198e-07	0.8766	0.8849	1.262e-05	0.8966	3.514e-07	0.0003434	0.0005386	1.463e-07	0.001256	0.008659	0.003111	0.005906	0.8083	0.0001198	0.0003773	5.704e-06	0.0001317	0.008163	0	0.95	0	0	0.95	0.95	0	0.95	0.95	0	0.95	0	0	0	0	0	0	0	0	0.95	0	0	0	0	0
_D:	9	49	13	evt_13	0	0	0.9968	0.119	0.1475	0.3125	6.142e-05	0	0.95	0	0	0	0	0	0	0	0	0	0	0.95	0.95	0	0	0	0	0	0	0	0	0.95	0	0	0.95	0	0	0	0	0	0.95	0	0	0	0	0	2.828e-08	0.8124	9.079e-05	0.04396	0.001242	0.009974	1.763e-05	0.009269	0.01054	0.0009826	3.545e-07	6.121e-07	0.8869	0.8782	0.0002084	0.0169	0.0005636	0.006016	3.314e-06	0.01119	0.1072	9.281e-06	0.8923	2.528e-06	0.0002404	0	0.95	0	0	0	0	0	0	0	0	0	0	0.95	0.95	0	0	0	0	0	0	0	0	0.95	0	0
_D:	9	49	14	evt_14	0	0	0.9923	0.117	0.1509	0.3108	0.002318	0	0	0	0	0.95	0	0.95	0	0	0	0	0.95	0	0	0	0	0	0	0	0	0	0.95	0	0	0	0.95	0	0	0	0	0	0.95	0	0	0	0	0	5.22e-07	8.117e-05	8.943e-07	0.000339	0.8662	0.009915	0.8525	0.0001752	0.00161	6.976e-06	0.002	0.8891	0.007682	0.009912	4.487e-08	0.00131	0.008257	0.001647	0.1994	7.401e-08	7.259e-06	0.9116	4.798e-05	0.009075	0.0009666	0	0	0	0	0.95	0	0.95	0	0	0	0	0.95	0	0	0	0	0	0	0	0	0	0.95	0	0	0
_D:	9	49	15	evt_15	0	0	0.9999	0.1224	0.1831	0.3011	2.147e-22	0	0	0	0	0	0.95	0	0	0	0	0	0.95	0	0.95	0	0.95	0	0	0.95	0	0	0	0	0	0	0.95	0	0	0	0	0	0.95	0	0	0	0	0	6.255e-05	0.0001488	0.000426	3.101e-05	0.008627	0.8959	0.008179	0.01358	0.000111	1.959e-05	0.005645	0.8994	0.008938	0.8925	0.01005	0.8863	0.0001927	0.007449	0.8926	0.01082	0.00864	0.01001	1.257e-07	0.009504	0.008975	0	0	0	0	0	0.95	0	0	0	0	0	0.95	0	0.95	0	0.95	0	0	0.95	0	0	0	0	0	0
_D:	9	49	16	evt_16	0	0	0.9997	0.1286	0.2443	0.2869	3.89e-16	0	0	0.95	0	0	0	0	0	0	0.95	0	0	0.95	0	0	0	0.95	0.95	0	0.95	0	0	0.95	0	0	0.95	0	0	0	0	0	0.95	0	0	0	0	0	3.096e-09	5.907e-05	0.8783	0.0128	1.343e-09	2.469e-07	9.435e-06	0.006676	2.328e-05	0.8429	7.364e-08	1.344e-06	0.8724	0.01016	5.986e-06	0.01022	0.8838	0.8737	8.862e-07	0.8355	1.246e-07	0.0003982	0.8802	5.431e-06	1.534e-07	0	0	0.95	0	0	0	0	0	0	0.95	0	0	0.95	0	0	0	0.95	0.95	0	0.95	0	0	0.95	0	0
_D:	9	49	17	evt_17	0	0	0.9993	0.1282	0.2146	0.3027	7.304e-09	0	0	0	0	0	0.95	0	0	0.95	0	0.95	0	0	0	0	0	0.95	0	0	0	0.95	0	0	0.95	0	0.95	0	0	0	0	0	0.95	0	0	0	0	0	4.402e-06	0.0004276	7.416e-05	3.246e-05	2.622e-05	0.8802	0.000156	0.0111	0.9015	4.235e-06	0.902	5.41e-08	7.395e-05	0.0042	1.487e-06	0.0008744	0.881	0.0005679	0.009944	0.02376	0.873	1.161e-05	1.758e-10	0.8374	0.03853	0	0	0	0	0	0.95	0	0	0.95	0	0.95	0	0	0	0	0	0.95	0	0	0	0.95	0	0	0.95	0
_D:	9	49	18	evt_18	0.3207	0.01283	0.8848	0.1111	0.1052	0.3123	1.467e-15	0	0	0	0	0	0	0	0	0	0	0	0	0	0	0	0	0	0	0	0	0.95	0.95	0	0	0	0.95	0	0	0	0	0	0.95	0	0	0	0	0	0.002882	0.01041	0.0001768	0.2644	0.002923	0.0003104	0.0001554	0.006806	9.458e-05	0.004093	0.001475	0.0009792	5.073e-06	0.01052	5.395e-10	0.002242	3.822e-09	0.0002258	0.0001142	0.00334	0.893	0.8584	0.5663	2.158e-06	0.0002636	0	0	0	0	0	0	0	0	0	0	0	0	0	0	0	0	0	0	0	0	0.95	0.95	0	0	0
_D:	9	49	19	evt_19	0	0	0.9711	0.1093	0.09561	0.3121	7.97e-08	0	0.95	0	0	0	0	0	0	0	0.95	0	0	0	0	0	0	0	0	0	0	0	0	0	0	0	0.95	0	0	0	0	0	0.95	0	0	0	0	0	0.000939	0.8682	0.008638	0.01253	0.1672	0.0004646	3.087e-08	0.1574	0.0006933	0.8561	9.23e-07	2.492e-05	2.31e-06	4.099e-05	2.022e-08	0.000281	2.626e-05	0.002567	1.276e-05	0.1901	0.01056	0.009004	0.009859	0.08337	0.01213	0	0.95	0	0	0	0	0	0	0	0.95	0	0	0	0	0	0	0	0	0	0	0	0	0	0	0
_D:	9	49	20	evt_20	0	0	0.999	0.1257	0.1781	0.3037	1.976e-07	0	0	0	0	0.95	0	0	0	0	0	0.95	0	0.95	0	0	0	0	0	0	0	0.95	0	0	0	0.95	0.95	0	0	0	0	0	0.95	0	0	0	0	0	1.645e-09	2.667e-06	4.122e-05	6.418e-06	0.8986	0.01066	0.002011	7.576e-05	0.007043	7.701e-05	0.8957	0.0002	0.8131	0.01125	0.00486	0.01891	0.01023	1.912e-05	0.01272	0.00294	0.8702	1.735e-05	5.302e-06	3.992e-05	0.8946	0	0	0	0	0.95	0	0	0	0	0	0.95	0	0.95	0	0	0	0	0	0	0	0.95	0	0	0	0.95
_D:	9	49	21	evt_21	0	0	0.9997	0.1231	0.1775	0.3011	1.409e-11	0	0	0	0.95	0.95	0	0	0	0.95	0	0	0	0	0	0	0	0	0	0.95	0	0	0	0	0	0.95	0.95	0	0	0	0	0	0.95	0	0	0	0	0	1.507e-08	0.007092	2.546e-09	0.8778	0.8504	0.009864	0.007339	0.01365	0.8485	2.328e-06	0.007589	0.008011	0.0002793	0.01103	9.988e-07	0.0001415	0.00826	0.001291	0.8865	1.599e-07	0.008962	0.0114	0.002836	1.876e-06	0.8771	0	0	0	0.95	0.95	0	0	0	0.95	0	0	0	0	0	0	0	0	0	0.95	0	0	0	0	0	0.95
_D:	9	49	22	evt_22	0	0	0.9997	0.1182	0.1451	0.3063	4.523e-06	0	0.95	0.95	0	0	0	0	0	0	0	0	0	0	0	0	0	0	0.95	0	0	0	0	0	0	0.95	0.95	0	0	0	0	0	0.95	0	0	0	0	0	1.02e-05	0.8961	0.9111	4.26e-05	1.844e-08	0.0001489	0.0001459	0.004094	8.526e-09	0.004774	4.429e-07	0.0009644	0.001248	0.0001367	0.001237	0.001278	0.01517	0.8682	0.01007	0.008441	0.01173	2.348e-05	0.01005	2.044e-07	0.8826	0	0.95	0.95	0	0	0	0	0	0	0	0	0	0	0	0	0	0	0.95	0	0	0	0	0	0	0.95
_D:	9	49	23	evt_23	0	0	0.9994	0.1192	0.1442	0.3085	3.204e-23	0	0	0	0	0	0	0.95	0	0	0	0	0	0.95	0	0	0	0	0	0.95	0	0	0.95	0	0	0	0.95	0	0	0	0	0	0.95	0	0	0	0	0	9.087e-08	3.798e-05	0.00556	0.007959	0.05541	0.0007538	0.8782	0.00282	1.521e-05	0.0004295	0.0009158	0.006997	0.8749	0.0002461	6.736e-07	0.001971	0.002099	1.375e-06	0.8662	0.01017	0.0008832	0.8844	0.004866	0.0001184	0.0001239	0	0	0	0	0	0	0.95	0	0	0	0	0	0.95	0	0	0	0	0	0.95	0	0	0.95	0	0	0
_D:	9	49	24	evt_24	0	0	0.9982	0.1262	0.1804	0.3066	1.399e-18	0	0	0	0	0	0	0	0.95	0.95	0	0	0	0	0	0	0.95	0	0	0	0.95	0	0.95	0	0	0	0.95	0	0	0	0	0	0.95	0	0	0	0	0	1.809e-07	0.002226	0.0003198	2.574e-05	0.002351	0.001048	1.365e-05	0.908	0.8163	0.007891	0.005244	4.454e-05	0.01793	0.009959	1.687e-10	0.8698	6.425e-05	0.003765	0.007652	0.8735	0.000836	0.8877	0.08217	0.01269	0.0001992	0	0	0	0	0	0	0	0.95	0.95	0	0	0	0	0	0	0.95	0	0	0	0.95	0	0.95	0	0	0
_D:	9	49	25	evt_25	0	0	0.9995	0.12	0.1776	0.3006	1.48e-16	0	0	0	0.95	0	0	0	0	0	0	0	0	0.95	0.95	0	0	0	0.95	0	0	0	0	0.95	0	0	0.95	0	0	0	0	0	0.95	0	0	0	0	0	1.075e-07	0.009822	0.00211	0.8682	1.104e-06	2.337e-06	3.209e-05	0.0004901	4.112e-05	0.002218	4.685e-08	3.415e-06	0.8855	0.9011	0.004055	0.00947	0.01109	0.8382	5.477e-06	5.561e-05	0.0005234	0.01091	0.8958	2.1e-08	2.139e-07	0	0	0	0.95	0	0	0	0	0	0	0	0	0.95	0.95	0	0	0	0.95	0	0	0	0	0.95	0	0
_D:	9	49	26	evt_26	0	0	0.9992	0.1181	0.1433	0.3092	1.322e-22	0	0	0	0.95	0	0.95	0	0	0	0	0	0	0	0.95	0	0	0	0	0	0	0.95	0	0	0	0	0.95	0	0	0	0	0	0.95	0	0	0	0	0	0.00281	0.0008193	0.0002055	0.8618	0.000335	0.84	0.008603	4.416e-08	7.587e-05	0.009903	0.0003983	1.465e-06	0.0106	0.881	0.00227	4.846e-06	5.726e-06	1.362e-08	0.01087	4.282e-05	0.9194	0.0007278	0.01065	8.777e-08	0.02189	0	0	0	0.95	0	0.95	0	0	0	0	0	0	0	0.95	0	0	0	0	0	0	0.95	0	0	0	0
_D:	9	49	27	evt_27	0	0	0.9997	0.1232	0.1779	0.3066	1.244e-07	0	0	0	0	0.95	0	0	0	0	0	0	0.95	0	0.95	0	0	0	0	0	0	0	0.95	0	0.95	0	0.95	0	0	0	0	0	0.95	0	0	0	0	0	4.801e-08	2.961e-06	6.114e-07	6.104e-07	0.8824	0.0002859	0.003634	0.01023	0.01383	0.009106	1.073e-07	0.8653	0.006769	0.8732	5.454e-08	0.0009065	6.388e-07	0.001096	0.01236	6.405e-06	0.0002917	0.9052	0.0002551	0.8636	0.0001271	0	0	0	0	0.95	0	0	0	0	0	0	0.95	0	0.95	0	0	0	0	0	0	0	0.95	0	0.95	0
_D:	9	49	28	evt_28	0	0	0.998	0.1158	0.1134	0.3092	0.01953	0	0	0	0	0	0	0	0	0	0	0	0	0.95	0	0	0	0.95	0	0	0	0	0	0.95	0	0	0.95	0	0	0	0	0	0.95	0	0	0	0	0	2.975e-07	0.00478	0.009955	0.004851	0.01266	0.002053	0.01179	0.007324	0.0092	0.009436	0.001325	0.01165	0.9157	0.03382	0.003555	0.0536	0.823	0.009009	3.415e-05	2.545e-06	0.0005154	0.0006124	0.8997	3.139e-05	0.01112	0	0	0	0	0	0	0	0	0	0	0	0	0.95	0	0	0	0.95	0	0	0	0	0	0.95	0	0
_D:	9	49	29	evt_29	0	0	0.9987	0.1173	0.1445	0.3054	3.521e-26	0	0	0	0	0	0	0	0.95	0	0	0	0	0	0	0	0.95	0	0.95	0	0	0	0.95	0	0	0	0.95	0	0	0	0	0	0.95	0	0	0	0	0	0.003561	0.0133	0.009629	0.0002515	0.002682	0.00932	9.197e-06	0.8954	0.007833	0.009406	0.001621	0.009626	0.006346	0.01116	1.965e-08	0.8895	0.0006218	0.8058	0.007525	0.01249	0.0005319	0.9046	0.009036	0.001956	0.0008169	0	0	0	0	0	0	0	0.95	0	0	0	0	0	0	0	0.95	0	0.95	0	0	0	0.95	0	0	0
_D:	9	49	30	evt_30	0	0	0.9992	0.1148	0.1108	0.3101	0.01729	0.95	0	0	0	0	0	0	0	0	0	0	0	0	0	0	0.95	0	0	0	0	0	0	0.95	0	0	0.95	0	0	0	0	0	0.95	0	0	0	0	0	0.8937	0.008347	0.007985	0.009918	0.03056	2.797e-10	0.004538	0.00137	3.197e-10	0.01047	4.847e-05	0.003588	0.01122	0.0001062	0.019	0.8431	3.945e-07	0.01757	3.167e-07	0.02799	0.0008158	8.074e-09	0.8794	8.113e-07	3.65e-05	0.95	0	0	0	0	0	0	0	0	0	0	0	0	0	0	0.95	0	0	0	0	0	0	0.95	0	0
_D:	9	49	31	evt_31	0	0	0.9811	0.1162	0.1204	0.3073	5.336e-05	0	0	0	0	0	0	0	0.95	0	0	0	0	0	0	0	0	0	0	0.95	0	0	0	0	0	0.95	0.95	0	0	0	0	0	0.95	0	0	0	0	0	0.004649	0.009324	0.001704	0.288	0.002598	3.822e-05	0.005503	0.8801	0.0001853	4.464e-06	2.835e-05	0.003173	0.001621	0.00146	0.001051	0.001097	0.0002101	3.078e-05	0.8815	0.008985	0.005335	0.003821	2.689e-05	9.014e-05	0.9107	0	0	0	0	0	0	0	0.95	0	0	0	0	0	0	0	0	0	0	0.95	0	0	0	0	0	0.95
_D:	9	49	32	evt_32	0	0	0.9978	0.1141	0.1101	0.3107	1.92e-06	0	0.95	0	0.95	0	0	0	0	0	0	0.95	0	0	0	0	0	0	0	0	0	0	0	0	0	0	0.95	0	0	0	0	0	0.95	0	0	0	0	0	0.0001684	0.9077	0.0004398	0.889	0.01066	0.05578	0.00268	0.003107	0.0002355	5.753e-05	0.8132	2.078e-06	4.801e-05	1.62e-05	0.0003991	0.007237	0.0001151	0.006875	1.713e-06	0.01057	0.003249	0.00529	0.03218	0.004064	1.283e-07	0	0.95	0	0.95	0	0	0	0	0	0	0.95	0	0	0	0	0	0	0	0	0	0	0	0	0	0
_D:	9	49	33	evt_33	0	0	0.9987	0.1144	0.1119	0.3102	0.01815	0	0	0	0	0	0	0.95	0	0	0	0	0.95	0	0	0	0.95	0	0	0	0	0	0	0	0	0	0.95	0	0	0	0	0	0.95	0	0	0	0	0	0.0006384	2.54e-08	1.369e-05	3.821e-06	0.04606	0.00101	0.8924	0.05457	0.001636	7.082e-07	0.0003437	0.8661	0.01533	0.008343	7.874e-06	0.8613	0.009689	0.0002616	0.0008241	0.009204	0.003557	0.0001374	0.01245	0.01394	1.693e-05	0	0	0	0	0	0	0.95	0	0	0	0	0.95	0	0	0	0.95	0	0	0	0	0	0	0	0	0
_D:	9	49	34	evt_34	0	0	0.9695	0.1105	0.09357	0.3114	3.604e-12	0	0	0	0	0	0	0	0	0	0	0	0	0	0	0	0.95	0	0	0	0	0	0	0	0.95	0	0.95	0	0	0	0	0	0.95	0	0	0	0	0	0.01055	0.1134	1.509e-06	0.2711	0.01677	0.02947	0.01488	0.0007329	0.002558	0.0179	7.876e-10	0.01816	0.01382	0.0003733	0.0001478	0.8361	0.01196	0.006184	5.27e-06	0.08788	7.944e-05	0.008502	0.01601	0.8626	3.764e-05	0	0	0	0	0	0	0	0	0	0	0	0	0	0	0	0.95	0	0	0	0	0	0	0	0.95	0
_D:	9	49	35	evt_35	0	0	0.9991	0.115	0.1136	0.311	2.658e-18	0	0	0.95	0	0	0	0	0.95	0	0	0.95	0	0	0	0	0	0	0	0	0	0	0	0	0	0	0.95	0	0	0	0	0	0.95	0	0	0	0	0	5.92e-05	0.009778	0.887	0.02355	0.0007487	0.02372	0.01639	0.8632	0.006935	0.01129	0.8858	0.002759	0.004385	3.502e-08	7.376e-05	0.01196	0.0105	0.006139	7.836e-05	0.05491	3.87e-06	0.01195	0.003591	0.00428	0.0006079	0	0	0.95	0	0	0	0	0.95	0	0	0.95	0	0	0	0	0	0	0	0	0	0	0	0	0	0
_D:	9	49	36	evt_36	0	0	0.9805	0.1116	0.09592	0.313	2.225e-08	0	0	0	0	0	0	0	0	0.95	0	0	0	0	0	0	0	0	0	0	0	0	0	0	0.95	0	0.95	0	0	0	0	0	0.95	0	0	0	0	0	0.0113	0.0044	7.085e-08	0.01205	0.0225	0.03482	0.01109	0.008322	0.8651	0.008013	8.372e-05	0.162	0.08837	0.00542	7.881e-06	0.0228	0.0799	6.169e-05	1.198e-05	0.004057	0.01192	0.003304	0.1661	0.8632	0.01325	0	0	0	0	0	0	0	0	0.95	0	0	0	0	0	0	0	0	0	0	0	0	0	0	0.95	0
_D:	9	49	37	evt_37	0	0	0.9929	0.1195	0.1785	0.2979	2.14e-12	0	0	0	0	0.95	0	0	0	0	0	0	0	0.95	0	0	0.95	0	0.95	0	0	0	0	0.95	0	0	0.95	0	0	0	0	0	0.95	0	0	0	0	0	2.576e-07	0.0002545	0.003776	0.01001	0.8621	2.133e-08	0.0001341	0.1543	4.463e-06	0.008085	1.214e-06	0.01007	0.8926	0.008727	2.173e-05	0.8414	0.009041	0.7366	7.411e-07	0.009721	1.097e-08	0.0001408	0.9097	2.21e-05	0.006815	0	0	0	0	0.95	0	0	0	0	0	0	0	0.95	0	0	0.95	0	0.95	0	0	0	0	0.95	0	0
_D:	9	49	38	evt_38	0	0	0.9979	0.1148	0.1115	0.3121	0.001538	0	0	0.95	0	0	0	0	0	0	0	0	0	0	0	0	0	0	0	0	0	0.95	0	0.95	0	0	0.95	0	0	0	0	0	0.95	0	0	0	0	0	0.0005646	0.01328	0.833	0.01638	0.003098	0.01093	0.005291	4.702e-07	9.655e-08	0.001988	1.781e-06	0.0004061	0.00759	0.06924	4.889e-06	2.878e-07	6.696e-08	5.857e-05	0.0003242	0.009956	0.9036	6.174e-05	0.9112	1.01e-10	3.256e-06	0	0	0.95	0	0	0	0	0	0	0	0	0	0	0	0	0	0	0	0	0	0.95	0	0.95	0	0
_D:	9	49	39	evt_39	0	0	0.9765	0.1082	0.08733	0.3121	0.00295	0	0	0.95	0	0	0	0	0	0	0	0	0.95	0	0	0	0	0	0	0	0	0	0	0	0	0	0.95	0	0	0	0	0	0.95	0	0	0	0	0	0.0009243	0.003711	0.8634	6.519e-06	3.183e-05	0.001283	0.002456	0.06819	0.0005652	0.0002746	0.04091	0.8461	0.002459	4.822e-08	2.502e-07	0.01035	3.524e-05	0.003257	0.0137	0.0001369	4.159e-05	0.003297	0.2491	0.0197	0.05333	0	0	0.95	0	0	0	0	0	0	0	0	0.95	0	0	0	0	0	0	0	0	0	0	0	0	0
_D:	9	49	40	evt_40	0	0	0.9996	0.1172	0.1467	0.3048	6.264e-09	0	0	0	0	0.95	0	0	0	0	0.95	0	0	0	0	0	0	0	0	0	0.95	0	0	0	0.95	0	0.95	0	0	0	0	0	0.95	0	0	0	0	0	2.849e-08	0.009895	8.827e-05	8.136e-05	0.8768	0.0006537	1.777e-07	0.0006037	0.009686	0.8923	7.721e-07	0.000141	0.0004416	0.00572	5.599e-09	0.01058	0.0003395	7.271e-06	0.009087	0.8989	4.251e-05	0.009067	0.0426	0.8999	0.0004635	0	0	0	0	0.95	0	0	0	0	0.95	0	0	0	0	0	0	0	0	0	0.95	0	0	0	0.95	0
_D:	9	49	41	evt_41	0	0	0.9993	0.1123	0.1077	0.3107	0.01072	0.95	0	0	0.95	0	0	0	0	0	0.95	0	0	0	0	0	0	0	0	0	0	0	0	0	0	0	0.95	0	0	0	0	0	0.95	0	0	0	0	0	0.8752	0.008353	3.307e-05	0.8338	4.626e-09	0.008138	0.008163	6.981e-06	0.008955	0.8629	2.795e-06	1.654e-08	0.0002879	0.002503	0.0006614	0.01009	0.002012	0.003005	0.0227	3.012e-06	1.264e-05	0.003779	0.03773	0.001346	0.002526	0.95	0	0	0.95	0	0	0	0	0	0.95	0	0	0	0	0	0	0	0	0	0	0	0	0	0	0
_D:	9	49	42	evt_42	0	0	0.9993	0.1163	0.1122	0.313	0.0003117	0	0	0	0	0.95	0	0	0.95	0	0	0	0	0	0	0	0	0	0	0	0	0	0	0.95	0	0	0.95	0	0	0	0	0	0.95	0	0	0	0	0	7.297e-05	0.02417	0.001009	0.002142	0.8973	6.606e-05	0.009268	0.8542	0.006575	0.0002631	0.003806	0.009676	0.01005	0.02089	6.184e-05	0.009472	2.986e-06	0.0005292	0.01208	0.008236	0.02841	0.002041	0.9028	1.699e-07	0.002617	0	0	0	0	0.95	0	0	0.95	0	0	0	0	0	0	0	0	0	0	0	0	0	0	0.95	0	0
_D:	9	49	43	evt_43	0	0	0.9991	0.1181	0.1417	0.3117	5.599e-08	0	0	0	0	0	0	0.95	0	0	0	0	0	0	0.95	0.95	0	0	0	0	0	0	0	0	0	0.95	0.95	0	0	0	0	0	0.95	0	0	0	0	0	0.01696	0.0001667	2.12e-05	5.234e-05	0.008562	0.007555	0.8726	0.01111	5.037e-06	0.0001334	0.007831	1.309e-05	0.007795	0.887	0.8111	0.0003763	0.01139	1.729e-05	0.005195	4.577e-07	0.00953	1.427e-10	1.21e-05	0.000719	0.8855	0	0	0	0	0	0	0.95	0	0	0	0	0	0	0.95	0.95	0	0	0	0	0	0	0	0	0	0.95
_D:	9	49	44	evt_44	0	0	0.9996	0.1226	0.1755	0.303	6.933e-17	0	0	0.95	0	0	0	0	0	0	0	0	0.95	0	0	0	0	0	0	0.95	0	0	0.95	0.95	0	0	0.95	0	0	0	0	0	0.95	0	0	0	0	0	3.086e-09	0.001045	0.8712	0.003938	0.003506	0.001109	2.112e-09	0.0002073	0.0002774	0.005696	0.0007186	0.8585	0.003632	0.008474	2.349e-10	7.224e-07	1.523e-05	0.0001943	0.8929	0.0001696	0.002746	0.8955	0.8379	8.795e-06	9.634e-05	0	0	0.95	0	0	0	0	0	0	0	0	0.95	0	0	0	0	0	0	0.95	0	0	0.95	0.95	0	0
_D:	9	49	45	evt_45	0	0	0.9998	0.1192	0.1422	0.3107	5.455e-13	0	0	0	0	0	0	0.95	0.95	0.95	0	0	0	0	0	0	0	0	0	0	0	0	0	0	0.95	0	0.95	0	0	0	0	0	0.95	0	0	0	0	0	3.553e-06	2.775e-05	1.947e-06	0.0001121	0.008301	0.02049	0.855	0.8639	0.8715	1.789e-05	0.005702	0.0008018	0.0002759	0.01173	6.322e-07	1.84e-05	0.01102	0.001079	0.00841	0.000128	0.02152	0.0003062	5.293e-08	0.8736	1.682e-05	0	0	0	0	0	0	0.95	0.95	0.95	0	0	0	0	0	0	0	0	0	0	0	0	0	0	0.95	0
_D:	9	49	46	evt_46	0	0	0.9996	0.116	0.1418	0.3094	6.386e-27	0	0	0	0.95	0	0	0.95	0	0	0	0	0	0	0	0	0	0	0	0.95	0	0.95	0	0	0	0	0.95	0	0	0	0	0	0.95	0	0	0	0	0	1.96e-08	0.01675	0.0008647	0.8706	0.005654	0.005227	0.843	6.606e-09	1.642e-05	0.002221	6.785e-08	0.0007306	1.617e-05	0.004024	1.118e-06	3.839e-07	1.8e-07	2.277e-06	0.8923	2.898e-05	0.8857	0.006245	0.00116	1.712e-06	0.009602	0	0	0	0.95	0	0	0.95	0	0	0	0	0	0	0	0	0	0	0	0.95	0	0.95	0	0	0	0
_D:	9	49	47	evt_47	0	0	0.9991	0.1156	0.1106	0.3076	1.265e-05	0.95	0	0	0	0	0.95	0	0	0	0	0	0	0	0	0	0	0	0	0	0	0	0	0	0	0.95	0.95	0	0	0	0	0	0.95	0	0	0	0	0	0.901	0.009607	3.272e-05	0.000105	1.398e-05	0.8609	1.465e-06	0.001911	0.004593	7.736e-05	0.009732	0.005198	2.392e-05	0.0001149	0.005928	4.357e-05	0.007892	1.6e-07	0.01042	0.05309	0.009708	0.01245	1.453e-11	0.008559	0.8644	0.95	0	0	0	0	0.95	0	0	0	0	0	0	0	0	0	0	0	0	0	0	0	0	0	0	0.95
_D:	9	49	48	evt_48	0	0	0.9992	0.127	0.203	0.2915	8.155e-22	0	0	0	0.95	0	0	0	0.95	0	0.95	0	0	0	0	0	0.95	0	0	0	0.95	0	0	0.95	0	0	0.95	0	0	0	0	0	0.95	0	0	0	0	0	1.555e-08	0.0001233	0.009771	0.7944	3.735e-05	1.973e-06	1.064e-07	0.8281	4.662e-06	0.8537	6.852e-05	3.069e-07	0.002655	0.01122	9.415e-08	0.8396	0.002673	0.002487	3.924e-05	0.8882	1.013e-07	7.928e-06	0.841	9.017e-06	7.87e-05	0	0	0	0.95	0	0	0	0.95	0	0.95	0	0	0	0	0	0.95	0	0	0	0.95	0	0	0.95	0	0
_D:	9	49	49	evt_49	0	0	0.9879	0.1099	0.08554	0.311	3.399e-16	0	0	0	0	0	0	0.95	0	0	0	0	0	0	0	0	0	0	0	0	0	0.95	0	0	0	0	0.95	0	0	0	0	0	0.95	0	0	0	0	0	0.002747	0.007069	0.006896	0.03117	0.01054	0.007034	0.8634	0.009498	0.0003025	4.3e-05	1.547e-07	0.007254	0.004152	0.03047	0.008588	0.01072	2.595e-05	0.0001591	0.01464	0.1892	0.8854	3.976e-05	0.01014	0.009707	0.02924	0	0	0	0	0	0	0.95	0	0	0	0	0	0	0	0	0	0	0	0	0	0.95	0	0	0	0
_D:	9	49	50	evt_50	0	0	0.9992	0.1361	0.2676	0.2615	0.0032	0.95	0	0	0	0	0	0	0.95	0	0	0	0	0.95	0.95	0.95	0.95	0.95	0	0	0	0	0	0	0	0.95	0.95	0	0	0	0	0	0.95	0	0	0	0	0	0.8142	5.146e-08	1.047e-06	1.346e-05	3.825e-09	4.381e-06	9.048e-06	0.847	1.689e-08	3.778e-08	0.003674	3.756e-06	0.8077	0.8418	0.7813	0.855	0.8689	0.001478	4.309e-05	0.005492	2.733e-06	3.448e-08	1.224e-10	0.005186	0.8577	0.95	0	0	0	0	0	0	0.95	0	0	0	0	0.95	0.95	0.95	0.95	0.95	0	0	0	0	0	0	0	0.95
_D:	9	49	51	evt_51	0	0	0.9995	0.1109	0.1084	0.304	1.462e-06	0	0.95	0	0	0.95	0	0	0	0	0	0	0	0	0	0	0	0	0	0	0.95	0	0	0	0	0	0.95	0	0	0	0	0	0.95	0	0	0	0	0	0.001925	0.8888	0.0003912	0.002653	0.8455	0.007469	0.01119	0.0004468	0.0002886	0.0002562	0.0003018	3.166e-08	9.706e-07	1.358e-06	8.074e-10	0.00256	3.483e-07	0.0001332	0.005377	0.8819	0.0308	0.01109	0.009777	0.008233	3.668e-05	0	0.95	0	0	0.95	0	0	0	0	0	0	0	0	0	0	0	0	0	0	0.95	0	0	0	0	0
_D:	9	49	52	evt_52	0	0	0.9992	0.123	0.1752	0.2999	8.921e-13	0	0	0	0	0.95	0	0.95	0	0	0	0.95	0	0	0	0	0	0.95	0	0.95	0	0	0	0	0	0	0.95	0	0	0	0	0	0.95	0	0	0	0	0	4.4e-08	1.084e-05	0.007486	3.916e-05	0.8791	0.01107	0.8978	5.691e-05	0.002104	1.352e-05	0.8814	0.01097	0.0004022	0.0003791	0.001846	0.0005304	0.8422	0.0007471	0.8181	6.461e-05	0.01034	2.348e-05	3.43e-06	0.008674	0.00739	0	0	0	0	0.95	0	0.95	0	0	0	0.95	0	0	0	0	0	0.95	0	0.95	0	0	0	0	0	0
_D:	9	49	53	evt_53	0	0	0.9999	0.12	0.144	0.3032	0.01341	0.95	0	0	0	0	0	0	0	0	0	0	0	0	0.95	0	0	0	0	0	0.95	0.95	0	0	0	0	0.95	0	0	0	0	0	0.95	0	0	0	0	0	0.8982	7.855e-06	0.0002862	0.005668	2.731e-06	0.007538	1.331e-05	0.00922	0.0002342	0.000982	0.000189	4.876e-07	2.427e-06	0.8787	0.00692	0.004856	1.201e-05	3.843e-06	0.009087	0.876	0.8896	5.38e-08	0.007194	0.0001507	0.0061	0.95	0	0	0	0	0	0	0	0	0	0	0	0	0.95	0	0	0	0	0	0.95	0.95	0	0	0	0
_D:	9	49	54	evt_54	0	0	0.9999	0.1175	0.1401	0.3074	6.738e-23	0	0.95	0	0.95	0	0	0.95	0	0	0	0	0	0	0	0	0	0	0	0	0	0.95	0	0	0	0	0.95	0	0	0	0	0	0.95	0	0	0	0	0	3.585e-08	0.8616	0.007898	0.8613	0.009844	0.00983	0.8584	1.176e-06	0.0001026	1.081e-05	0.001142	9.257e-07	8.081e-05	2.426e-06	1.825e-07	1.557e-07	9.369e-05	1.253e-06	0.003527	0.007795	0.8778	0.001775	1.383e-05	5.263e-10	4.392e-06	0	0.95	0	0.95	0	0	0.95	0	0	0	0	0	0	0	0	0	0	0	0	0	0.95	0	0	0	0
_D:	9	49	55	evt_55	0	0	0.9994	0.1273	0.2024	0.2995	4.427e-05	0	0.95	0	0.95	0	0	0	0	0.95	0.95	0	0	0	0	0	0	0.95	0	0	0	0	0.95	0	0	0	0.95	0	0	0	0	0	0.95	0	0	0	0	0	3.388e-09	0.8697	1.898e-05	0.8349	1.969e-06	0.001114	1.404e-08	2.803e-06	0.8731	0.8224	0.007919	3.078e-07	1.904e-05	3.771e-07	1.411e-11	4.969e-07	0.7999	0.002172	0.0006615	0.0004614	0.0001058	0.8366	0.0007352	0.009785	1.347e-06	0	0.95	0	0.95	0	0	0	0	0.95	0.95	0	0	0	0	0	0	0.95	0	0	0	0	0.95	0	0	0
_D:	9	49	56	evt_56	0	0	0.9996	0.1193	0.143	0.3042	1.322e-15	0	0	0	0	0	0.95	0	0	0	0.95	0	0	0	0	0	0	0	0	0	0	0	0.95	0	0	0.95	0.95	0	0	0	0	0	0.95	0	0	0	0	0	0.005383	0.001828	0.005613	0.003119	0.004417	0.8578	2.076e-08	4.411e-05	3.415e-05	0.8638	2.435e-05	3.078e-05	0.0002219	0.007576	3.974e-07	0.001126	0.00792	1.353e-07	0.0005627	0.0001534	0.0002617	0.9138	0.0002799	0.004446	0.8955	0	0	0	0	0	0.95	0	0	0	0.95	0	0	0	0	0	0	0	0	0	0	0	0.95	0	0	0.95
_D:	9	49	57	evt_57	0	0	0.999	0.114	0.1101	0.3078	1.637e-06	0	0	0.95	0	0	0	0	0	0	0	0.95	0	0	0	0	0	0	0	0	0.95	0	0	0	0	0	0.95	0	0	0	0	0	0.95	0	0	0	0	0	0.001749	0.01329	0.8779	1.388e-06	0.006093	0.005554	0.01193	0.02245	1.433e-05	0.0001649	0.8819	0.0001918	0.04007	4.611e-05	0.0002795	0.004999	0.01039	8.468e-05	5.271e-09	0.8299	0.01136	8.379e-06	0.001046	0.02271	0.01003	0	0	0.95	0	0	0	0	0	0	0	0.95	0	0	0	0	0	0	0	0	0.95	0	0	0	0	0
_D:	9	49	58	evt_58	0	0	0.9789	0.1092	0.08793	0.3108	0.000853	0	0	0	0	0	0	0	0	0	0	0	0.95	0	0	0	0	0	0	0	0	0	0	0.95	0	0	0.95	0	0	0	0	0	0.95	0	0	0	0	0	0.001074	0.01055	0.1706	7.339e-05	0.1736	2.717e-09	0.009184	6.046e-05	0.007602	0.005356	5.128e-09	0.8178	0.01793	2.394e-05	2.935e-06	0.02034	1.145e-07	2.428e-05	0.05485	2.65e-06	0.001973	0.01045	0.8878	0.00887	6.487e-08	0	0	0	0	0	0	0	0	0	0	0	0.95	0	0	0	0	0	0	0	0	0	0	0.95	0	0
_D:	9	49	59	evt_59	0	0	0.9993	0.1196	0.1441	0.3009	3.534e-13	0	0	0	0	0	0	0	0	0	0	0	0.95	0	0	0	0	0	0.95	0.95	0	0	0.95	0	0	0	0.95	0	0	0	0	0	0.95	0	0	0	0	0	1.193e-06	0.0001532	0.01122	0.009639	0.009899	0.003761	0.004458	0.002555	0.002468	0.0006324	2.02e-06	0.8957	0.002115	0.003654	1.469e-06	0.01043	4.54e-05	0.8366	0.8733	8.962e-06	0.01916	0.9138	0.00227	0.0008272	0.0002527	0	0	0	0	0	0	0	0	0	0	0	0.95	0	0	0	0	0	0.95	0.95	0	0	0.95	0	0	0
_D:	9	49	60	evt_60	0	0	0.9998	0.1049	0.1412	6.65e-15	0.2998	0	0	0	0	0	0	0.95	0	0.95	0.95	0	0	0	0	0	0	0	0	0	0	0	0.95	0	0	0	0	0	0	0.95	0	0	0	0	0	0.95	0	0	4.653e-06	0.0004527	1.356e-05	0.01537	2.896e-06	4.596e-09	0.8683	0.0002142	0.893	0.8531	3e-06	8.838e-08	0.004265	0.002088	0.01111	1.755e-08	0.01124	2.952e-05	0.004406	6.165e-11	1.155e-08	0.8658	1.452e-05	4.37e-06	5.309e-05	0	0	0	0	0	0	0.95	0	0.95	0.95	0	0	0	0	0	0	0	0	0	0	0	0.95	0	0	0
_D:	9	49	61	evt_61	0	0	0.9986	0.09841	0.1106	7.687e-11	0.3053	0	0	0	0	0	0	0	0	0	0	0.95	0.95	0	0	0	0	0	0	0	0	0	0	0	0.95	0	0	0	0	0.95	0	0	0	0	0	0.95	0	0	0.002093	0.06203	0.03766	0.006062	0.0003755	0.003415	4.498e-05	0.007203	0.006408	1.236e-07	0.8572	0.8537	0.01048	0.004246	0.00126	0.001118	2.387e-05	0.0007294	0.004114	0.004923	0.0001249	1.518e-06	0.0008595	0.8903	0.01131	0	0	0	0	0	0	0	0	0	0	0.95	0.95	0	0	0	0	0	0	0	0	0	0	0	0.95	0
_D:	9	49	62	evt_62	0	0	0.9962	0.09327	0.08306	8.746e-14	0.3051	0	0	0	0	0	0	0	0.95	0	0	0	0	0	0.95	0	0	0	0	0	0	0	0	0	0	0	0	0	0	0.95	0	0	0	0	0	0.95	0	0	0.000498	0.02299	0.01299	2.98e-05	0.04975	0.002322	3.662e-05	0.8687	0.02224	0.0001084	0.0005651	0.02653	0.009401	0.8724	0.00711	0.004643	0.009301	0.0008337	0.0003054	0.0001834	0.01053	0.0738	0.0005214	0.009798	0.0709	0	0	0	0	0	0	0	0.95	0	0	0	0	0	0.95	0	0	0	0	0	0	0	0	0	0	0
_D:	9	49	63	evt_63	0	0	0.9996	0.1188	0.2401	5.524e-05	0.292	0	0	0	0	0	0.95	0	0	0	0	0.95	0	0	0	0.95	0.95	0	0.95	0.95	0	0.95	0	0	0	0	0	0	0	0.95	0	0	0	0	0	0.95	0	0	0.0004292	7.823e-06	9.612e-05	3.07e-05	7.488e-06	0.835	6.046e-08	5.611e-05	0.004248	3.011e-06	0.839	0.002882	1.428e-06	1.949e-09	0.8653	0.8843	0.008439	0.8832	0.829	0.0005968	0.8507	1.285e-09	7.099e-05	0.0001008	5.562e-09	0	0	0	0	0	0.95	0	0	0	0	0.95	0	0	0	0.95	0.95	0	0.95	0.95	0	0.95	0	0	0	0
_D:	9	49	64	evt_64	0	0	0.9997	0.1165	0.2068	1.604e-10	0.2957	0	0	0.95	0	0	0	0	0.95	0	0	0.95	0.95	0	0	0	0	0	0	0.95	0	0	0	0	0	0.95	0	0	0	0.95	0	0	0	0	0	0.95	0	0	5.992e-06	0.0003229	0.8663	0.004108	0.002849	1.265e-06	2.407e-07	0.839	0.0001122	1.394e-06	0.8747	0.8599	0.0001492	5.868e-07	0.008924	0.0005563	2.916e-06	0.003041	0.8268	0.006715	2.715e-05	2.362e-08	0.001369	6.172e-05	0.8764	0	0	0.95	0	0	0	0	0.95	0	0	0.95	0.95	0	0	0	0	0	0	0.95	0	0	0	0	0	0.95
_D:	9	49	65	evt_65	0	0	0.9995	0.1171	0.211	0.0006406	0.3004	0.95	0	0	0	0	0	0	0	0	0	0.95	0	0	0	0.95	0.95	0	0.95	0	0.95	0	0	0	0	0	0	0	0	0.95	0	0	0	0	0	0.95	0	0	0.8353	7.374e-06	0.006063	0.009877	4.212e-05	0.01048	1.081e-06	9.774e-06	0.0004103	1.071e-07	0.8989	0.00176	1.941e-06	0.0001337	0.8904	0.8816	8.384e-06	0.8511	0.007715	0.8742	0.003542	8.996e-10	0.002907	0.0008701	7.923e-12	0.95	0	0	0	0	0	0	0	0	0	0.95	0	0	0	0.95	0.95	0	0.95	0	0.95	0	0	0	0	0
_D:	9	49	66	evt_66	0	0	0.9984	0.1153	0.2054	1.521e-09	0.2874	0	0	0	0	0	0	0	0	0	0	0	0.95	0.95	0	0	0.95	0.95	0.95	0	0.95	0	0	0	0	0	0	0	0	0.95	0	0	0	0	0	0.95	0	0	9.158e-09	3.195e-06	5.894e-07	0.0001806	3.437e-07	0.0004494	4.176e-07	0.0003032	0.002108	6.758e-07	0.001531	0.8928	0.8283	4.737e-07	6.602e-08	0.7793	0.8649	0.904	7.162e-05	0.8476	0.002545	7.202e-12	0.01014	9.345e-06	6.946e-05	0	0	0	0	0	0	0	0	0	0	0	0.95	0.95	0	0	0.95	0.95	0.95	0	0.95	0	0	0	0	0
_D:	9	49	67	evt_67	0	0	0.9993	0.1044	0.1423	0.009678	0.304	0	0	0	0	0	0.95	0	0	0	0	0	0	0	0.95	0	0	0	0	0	0	0.95	0	0.95	0	0	0	0	0	0.95	0	0	0	0	0	0.95	0	0	1.192e-05	0.01226	0.00961	0.003715	3.318e-05	0.8965	1.01e-09	1.184e-08	2.525e-05	1.957e-06	0.007555	0.006862	0.000495	0.8739	0.009256	0.0006321	0.006649	1.138e-05	0.0004087	0.009099	0.885	0.01041	0.8252	1.475e-09	0.0002062	0	0	0	0	0	0.95	0	0	0	0	0	0	0	0.95	0	0	0	0	0	0	0.95	0	0.95	0	0
_D:	9	49	68	evt_68	0	0	0.9993	0.1009	0.1107	6.611e-09	0.3071	0	0.95	0	0.95	0	0	0	0	0	0	0	0	0	0	0	0	0	0	0	0.95	0	0	0	0	0	0	0	0	0.95	0	0	0	0	0	0.95	0	0	2.414e-05	0.8559	0.008094	0.8915	2.316e-06	0.04234	2.294e-05	0.0002527	1.235e-07	0.001476	0.001776	0.004679	0.006015	0.007168	0.006532	0.0008355	0.0001912	0.002003	3.234e-07	0.9022	0.005721	3.35e-05	0.008712	0.004229	0.01772	0	0.95	0	0.95	0	0	0	0	0	0	0	0	0	0	0	0	0	0	0	0.95	0	0	0	0	0
_D:	9	49	69	evt_69	0	0	0.9997	0.105	0.1431	7.053e-12	0.298	0	0	0	0	0	0.95	0	0	0	0	0	0	0	0	0	0	0	0.95	0	0	0.95	0.95	0	0	0	0	0	0	0.95	0	0	0	0	0	0.95	0	0	2.639e-08	8.07e-05	0.009062	0.004288	1.891e-05	0.8896	0.0005777	0.004098	0.006848	5.986e-08	1.139e-06	9.271e-06	6.351e-05	0.0001192	0.01131	0.007301	0.000366	0.8589	1.937e-05	0.0003676	0.9094	0.8748	7.184e-06	9.635e-05	0.0003777	0	0	0	0	0	0.95	0	0	0	0	0	0	0	0	0	0	0	0.95	0	0	0.95	0.95	0	0	0
_D:	9	49	70	evt_70	0	0	0.9996	0.1099	0.1722	0.01429	0.3006	0	0.95	0	0.95	0	0	0	0	0	0	0	0	0	0.95	0	0	0	0	0	0	0	0.95	0	0	0.95	0	0	0	0.95	0	0	0	0	0	0.95	0	0	8.279e-11	0.8416	0.0001002	0.8976	5.208e-09	0.0002802	8.896e-08	5.478e-06	0.009285	7.682e-06	1.999e-09	2.208e-08	2.717e-07	0.8475	5.376e-06	3.16e-08	1.698e-08	8.168e-09	6.022e-06	1.518e-05	1.521e-05	0.8459	0.01084	2.724e-05	0.853	0	0.95	0	0.95	0	0	0	0	0	0	0	0	0	0.95	0	0	0	0	0	0	0	0.95	0	0	0.95
_D:	9	49	71	evt_71	0	0	0.9193	0.09553	0.09505	4.279e-22	0.3086	0	0	0	0	0	0	0	0	0	0	0	0.95	0	0	0	0	0	0.95	0	0	0	0	0	0	0	0	0	0	0.95	0	0	0	0	0	0.95	0	0	4.082e-06	0.01087	0.03414	5.814e-07	4.423e-05	0.4549	0.03146	0.01205	0.02098	0.008546	0.008449	0.8135	0.04243	0.0002622	0.0002636	0.009996	0.1056	0.7844	0.01078	0.01128	0.00347	0.0005752	4.024e-05	0.008391	0.004009	0	0	0	0	0	0	0	0	0	0	0	0.95	0	0	0	0	0	0.95	0	0	0	0	0	0	0
_D:	9	49	72	evt_72	0	0	0.9911	0.09223	0.08424	6.269e-16	0.3068	0	0	0	0	0	0	0	0.95	0.95	0	0	0	0	0	0	0	0	0	0	0	0	0	0	0	0	0	0	0	0.95	0	0	0	0	0	0.95	0	0	0.02377	0.03544	0.009214	3.585e-07	0.01019	0.01236	0.06326	0.835	0.8503	0.008966	0.003281	0.009098	0.1492	0.01118	0.01026	0.02053	0.0001096	0.006666	0.008228	3.063e-06	3.082e-06	8.193e-05	0.001333	0.02846	0.00903	0	0	0	0	0	0	0	0.95	0.95	0	0	0	0	0	0	0	0	0	0	0	0	0	0	0	0
_D:	9	49	73	evt_73	0	0	0.9999	0.1078	0.1699	9.083e-23	0.3015	0	0	0.95	0.95	0	0	0.95	0	0	0	0	0	0	0	0.95	0	0	0	0	0	0	0.95	0	0	0	0	0	0	0.95	0	0	0	0	0	0.95	0	0	1.292e-06	7.632e-07	0.8402	0.8437	0.005809	8.537e-07	0.8354	2.849e-06	0.005126	7.378e-06	3.386e-07	6.83e-09	2.179e-06	3.225e-05	0.8423	6.497e-05	2.308e-08	3.234e-06	0.000272	8.912e-07	0.009149	0.8653	1.783e-05	0.001505	6.992e-06	0	0	0.95	0.95	0	0	0.95	0	0	0	0	0	0	0	0.95	0	0	0	0	0	0	0.95	0	0	0
_D:	9	49	74	evt_74	0	0	0.9994	0.09797	0.106	2.968e-15	0.3069	0	0	0.95	0	0	0	0	0	0.95	0	0	0	0	0.95	0	0	0	0	0	0	0	0	0	0	0	0	0	0	0.95	0	0	0	0	0	0.95	0	0	0.00413	0.04097	0.8488	0.008108	0.009067	0.001079	0.009866	0.008569	0.8284	0.0008381	0.002074	0.001113	0.0001158	0.8561	6.201e-05	0.009919	1.432e-05	0.002755	1.167e-05	0.0007243	6.226e-07	0.01657	5.464e-05	2.295e-05	7.593e-07	0	0	0.95	0	0	0	0	0	0.95	0	0	0	0	0.95	0	0	0	0	0	0	0	0	0	0	0
_D:	9	49	75	evt_75	0	0	0.9998	0.1007	0.1096	1.395e-09	0.303	0	0	0	0	0	0	0	0.95	0	0	0	0	0	0	0	0	0	0	0	0	0	0.95	0	0	0.95	0	0	0	0.95	0	0	0	0	0	0.95	0	0	4.88e-06	0.001435	0.009985	0.002279	0.0003265	0.01129	0.002898	0.894	0.0001266	7.7e-08	0.0002133	0.0007432	1.353e-05	0.001353	0.01244	1.686e-06	0.007643	0.001722	0.00829	1.77e-07	7.718e-05	0.872	0.009912	0.008482	0.8952	0	0	0	0	0	0	0	0.95	0	0	0	0	0	0	0	0	0	0	0	0	0	0.95	0	0	0.95
_D:	9	49	76	evt_76	0	0	0.9999	0.1119	0.1761	1.21e-08	0.3014	0	0	0	0.95	0	0	0	0	0.95	0	0	0	0	0	0	0.95	0.95	0	0	0	0.95	0	0	0	0	0	0	0	0.95	0	0	0	0	0	0.95	0	0	3.761e-07	0.009187	0.01071	0.8543	0.0001159	0.007136	0.01018	8.179e-10	0.8764	0.0002239	0.002519	5.546e-07	6.55e-08	1.846e-05	0.006862	0.8797	0.8657	0.001032	0.002009	1.755e-05	0.8686	8.028e-07	0.0006689	0.005858	0.0001216	0	0	0	0.95	0	0	0	0	0.95	0	0	0	0	0	0	0.95	0.95	0	0	0	0.95	0	0	0	0
_D:	9	49	77	evt_77	0	0	0.9715	0.09574	0.08833	6.959e-06	0.3065	0	0	0.95	0	0	0	0	0	0	0	0	0	0	0	0	0	0	0	0	0	0	0	0	0.95	0	0	0	0	0.95	0	0	0	0	0	0.95	0	0	0.009056	0.0006199	0.8596	0.01342	0.08239	0.002959	2.442e-08	0.0003905	0.04025	0.0006597	0.006025	0.005675	0.0003548	0.000498	0.03934	0.0005214	0.2562	0.01239	0.0005659	0.008087	0.002216	0.07283	0.0004234	0.7908	0.002892	0	0	0.95	0	0	0	0	0	0	0	0	0	0	0	0	0	0	0	0	0	0	0	0	0.95	0
_D:	9	49	78	evt_78	0	0	0.9992	0.09666	0.1067	1.412e-29	0.3072	0	0.95	0	0	0	0	0	0	0	0.95	0	0	0	0	0.95	0	0	0	0	0	0	0	0	0	0	0	0	0	0.95	0	0	0	0	0	0.95	0	0	0.004039	0.8165	0.004946	0.01128	8.61e-08	0.002993	7.498e-08	0.0006987	0.00412	0.846	0.003512	0.01118	0.01471	0.009957	0.8873	0.00704	5.236e-07	1.621e-05	0.008511	0.01238	2.42e-07	0.003164	0.008918	0.009603	0.0006292	0	0.95	0	0	0	0	0	0	0	0.95	0	0	0	0	0.95	0	0	0	0	0	0	0	0	0	0
_D:	9	49	79	evt_79	0	0	0.9997	0.1093	0.1728	1.717e-09	0.2979	0	0	0	0.95	0	0.95	0	0	0	0	0	0	0.95	0.95	0.95	0	0	0	0	0	0	0	0	0	0	0	0	0	0.95	0	0	0	0	0	0.95	0	0	1.909e-07	1.243e-05	0.0001079	0.8451	1.306e-05	0.8569	3.926e-09	1.331e-05	1.447e-09	1.26e-06	2.072e-05	4.766e-07	0.8409	0.893	0.8783	1.836e-06	4.893e-05	0.0002206	3.228e-06	3.595e-05	0.001629	3.707e-06	0.002408	3.874e-09	0.001934	0	0	0	0.95	0	0.95	0	0	0	0	0	0	0.95	0.95	0.95	0	0	0	0	0	0	0	0	0	0
_D:	9	49	80	evt_80	0	0	0.983	0.09344	0.08531	3.415e-22	0.3075	0	0	0	0	0	0	0.95	0	0	0	0	0	0	0	0	0	0	0	0	0.95	0	0	0	0	0	0	0	0	0.95	0	0	0	0	0	0.95	0	0	0.004316	0.002037	0.0002114	0.01981	1.44e-05	1.208e-05	0.805	9.22e-05	0.03967	0.001549	0.0006315	0.03592	0.07013	9.431e-05	0.1648	0.003064	0.003243	0.04592	1.389e-07	0.8192	2.279e-06	0.0003485	1.114e-05	8.253e-05	0.1166	0	0	0	0	0	0	0.95	0	0	0	0	0	0	0	0	0	0	0	0	0.95	0	0	0	0	0
_D:	9	49	81	evt_81	0	0	0.9996	0.1054	0.1422	6.696e-09	0.3006	0	0	0.95	0	0.95	0	0	0	0	0	0	0	0	0	0.95	0	0	0	0	0	0	0	0	0.95	0	0	0	0	0.95	0	0	0	0	0	0.95	0	0	1.777e-05	1.308e-06	0.8946	0.002538	0.8947	3.574e-08	6.478e-06	4.954e-06	6.827e-06	0.01003	0.003904	0.003289	2.205e-05	0.00681	0.8542	0.000465	6.61e-06	0.009252	0.007868	3.55e-05	0.007915	0.006309	0.000677	0.8524	6.087e-09	0	0	0.95	0	0.95	0	0	0	0	0	0	0	0	0	0.95	0	0	0	0	0	0	0	0	0.95	0
_D:	9	49	82	evt_82	0	0	0.9988	0.1208	0.2347	1.325e-06	0.2874	0	0	0	0	0	0	0	0	0.95	0.95	0	0	0	0	0.95	0	0	0.95	0.95	0	0.95	0.95	0	0	0	0	0	0	0.95	0	0	0	0	0	0.95	0	0	9.851e-10	2.984e-06	0.005733	0.00445	4.633e-06	1.622e-05	2.249e-05	1.05e-05	0.8265	0.8658	2.675e-06	0.001681	4.529e-08	0.0001936	0.8773	0.006281	1.091e-05	0.7611	0.8453	1.426e-06	0.8248	0.8478	1.415e-05	0.0002329	2.232e-07	0	0	0	0	0	0	0	0	0.95	0.95	0	0	0	0	0.95	0	0	0.95	0.95	0	0.95	0.95	0	0	0
_D:	9	49	83	evt_83	0	0	0.9997	0.1096	0.1727	2.384e-10	0.2942	0	0	0	0	0	0	0.95	0	0	0	0	0.95	0	0	0	0	0.95	0.95	0	0	0.95	0	0	0	0	0	0	0	0.95	0	0	0	0	0	0.95	0	0	1.46e-05	1.175e-07	0.001968	3.509e-05	9.628e-06	3.391e-06	0.8522	6.328e-05	0.000192	0.002322	6.019e-07	0.8353	3.626e-06	8.682e-06	9.598e-08	0.001274	0.8631	0.8899	4.876e-05	4.653e-05	0.8703	1.062e-08	1.441e-05	1.514e-06	0.000239	0	0	0	0	0	0	0.95	0	0	0	0	0.95	0	0	0	0	0.95	0.95	0	0	0.95	0	0	0	0
_D:	9	49	84	evt_84	0	0	0.9992	0.1002	0.1118	2.698e-11	0.3065	0	0	0	0.95	0	0	0.95	0	0.95	0	0	0	0	0	0	0	0	0	0	0	0	0	0	0	0	0	0	0	0.95	0	0	0	0	0	0.95	0	0	1.697e-05	0.006537	0.03133	0.8555	0.03687	1.994e-05	0.8812	0.004285	0.88	0.001949	0.0004555	2.624e-06	0.0006464	4.894e-05	0.02614	0.01061	0.009828	0.004799	0.005708	0.0004467	5.524e-05	0.02614	2.887e-05	0.01167	0.001434	0	0	0	0.95	0	0	0.95	0	0.95	0	0	0	0	0	0	0	0	0	0	0	0	0	0	0	0
_D:	9	49	85	evt_85	0	0	0.9997	0.1093	0.175	0.001846	0.2927	0.95	0	0.95	0	0.95	0	0	0.95	0	0	0	0	0	0	0	0	0	0.95	0	0	0	0	0	0	0	0	0	0	0.95	0	0	0	0	0	0.95	0	0	0.8582	5.594e-09	0.8686	0.01076	0.875	6.259e-07	4.43e-05	0.9024	5.217e-08	7.567e-08	2.974e-05	1.227e-05	2.21e-08	0.0001978	0.0001839	5.07e-10	3.053e-11	0.8512	3.774e-05	0.000411	0.0001238	5.5e-05	0.006366	0.002028	1.428e-07	0.95	0	0.95	0	0.95	0	0	0.95	0	0	0	0	0	0	0	0	0	0.95	0	0	0	0	0	0	0
_D:	9	49	86	evt_86	0	0	0.9998	0.1049	0.1394	0.01948	0.3007	0	0.95	0	0.95	0	0	0	0	0	0	0	0	0	0	0	0	0.95	0	0	0	0	0	0	0	0.95	0	0	0	0.95	0	0	0	0	0	0.95	0	0	2.072e-07	0.879	2.265e-05	0.8864	4.347e-10	4.241e-05	3.992e-09	6.66e-07	0.0001173	1.769e-06	4.008e-05	0.0001021	0.003483	8.237e-06	1.867e-09	2.378e-05	0.8431	0.00574	2.044e-07	0.0006855	6.277e-06	3.415e-06	0.001168	4.892e-07	0.8641	0	0.95	0	0.95	0	0	0	0	0	0	0	0	0	0	0	0	0.95	0	0	0	0	0	0	0	0.95
_D:	9	49	87	evt_87	0	0	0.9994	0.1073	0.1696	2.314e-09	0.2961	0.95	0	0	0	0	0	0	0.95	0.95	0.95	0	0	0	0	0	0	0.95	0	0	0	0	0	0	0	0	0	0	0	0.95	0	0	0	0	0	0.95	0	0	0.7971	2.874e-07	4.893e-07	3.19e-06	1.131e-05	1.737e-07	2.487e-06	0.8617	0.8531	0.8679	0.004338	9.775e-07	6.161e-06	0.001121	2.893e-05	7.94e-06	0.8499	0.001759	1.34e-05	4.406e-09	2.431e-07	0.003388	4.16e-05	3.67e-05	2.802e-11	0.95	0	0	0	0	0	0	0.95	0.95	0.95	0	0	0	0	0	0	0.95	0	0	0	0	0	0	0	0
_D:	9	49	88	evt_88	0	0	0.9987	0.1143	0.2069	0.02294	0.2871	0	0	0	0	0.95	0	0.95	0.95	0	0	0	0	0	0	0	0	0	0.95	0	0	0	0	0	0.95	0.95	0	0	0	0.95	0	0	0	0	0	0.95	0	0	2.653e-06	1.203e-08	1.442e-09	0.002542	0.8885	1.989e-07	0.8882	0.9004	1.742e-07	3.616e-08	1.173e-06	3.33e-06	1.79e-11	1.881e-07	0.0002375	1.026e-06	2.001e-05	0.8772	4.204e-07	1.175e-11	3.807e-07	2.101e-06	6.462e-08	0.8138	0.8022	0	0	0	0	0.95	0	0.95	0.95	0	0	0	0	0	0	0	0	0	0.95	0	0	0	0	0	0.95	0.95
_D:	9	49	89	evt_89	0	0	0.9965	0.1031	0.113	5.739e-16	0.3084	0	0	0	0.95	0	0.95	0	0	0	0	0	0	0	0	0	0	0	0	0	0.95	0	0	0	0	0	0	0	0	0.95	0	0	0	0	0	0.95	0	0	4.629e-05	0.008416	0.00239	0.8902	0.0423	0.8024	6.853e-05	0.0007613	2.749e-08	8.091e-05	0.01151	1.515e-05	0.0005126	0.01044	0.0836	0.001955	0.02049	0.01448	1.615e-09	0.8913	0.03079	0.001174	0.009235	0.00237	0.0008524	0	0	0	0.95	0	0.95	0	0	0	0	0	0	0	0	0	0	0	0	0	0.95	0	0	0	0	0
_D:	9	49	90	evt_90	0	0	0.9659	0.09482	0.08915	4.656e-11	0.3047	0	0	0	0	0	0	0	0	0	0	0	0	0	0	0	0	0.95	0	0.95	0	0	0	0	0	0	0	0	0	0.95	0	0	0	0	0	0.95	0	0	1.313e-07	5.849e-05	0.1808	8.499e-08	2.539e-05	0.009651	4.058e-06	0.01251	8.393e-05	0.003209	0.00058	0.007773	0.1381	0.005933	0.1937	5.017e-07	0.846	0.01157	0.7583	0.0001279	0.002258	0.0004847	0.0001702	0.0047	0.05271	0	0	0	0	0	0	0	0	0	0	0	0	0	0	0	0	0.95	0	0.95	0	0	0	0	0	0
_D:	9	49	91	evt_91	0	0	1	0.1075	0.1711	1.249e-18	0.2991	0	0	0.95	0.95	0	0	0	0.95	0	0	0	0	0	0	0	0	0	0	0	0	0	0.95	0	0.95	0	0	0	0	0.95	0	0	0	0	0	0.95	0	0	0.0003484	7.418e-07	0.8583	0.856	0.001587	9.873e-08	9.438e-07	0.8525	4.999e-05	4.299e-09	0.0004342	1.306e-06	9.135e-09	0.003558	0.0001983	0.0001143	8.359e-10	0.002205	0.0006153	1.745e-06	0.001207	0.8502	6.091e-06	0.8491	9.486e-06	0	0	0.95	0.95	0	0	0	0.95	0	0	0	0	0	0	0	0	0	0	0	0	0	0.95	0	0.95	0
_D:	9	49	92	evt_92	0	0	0.9887	0.09271	0.08002	4.171e-10	0.3019	0	0	0	0	0	0	0	0	0	0	0	0	0	0	0	0	0.95	0	0	0	0	0	0	0	0.95	0	0	0	0.95	0	0	0	0	0	0.95	0	0	3.888e-08	0.176	0.03509	0.003144	0.0152	2.169e-05	4.036e-05	0.009315	0.007266	0.006938	0.0005963	0.001172	0.01891	0.009764	0.0002099	2.424e-08	0.8615	2.38e-06	0.005663	0.0002599	1.958e-05	0.01055	7.084e-06	0.003881	0.835	0	0	0	0	0	0	0	0	0	0	0	0	0	0	0	0	0.95	0	0	0	0	0	0	0	0.95
_D:	9	49	93	evt_93	0	0	0.9994	0.1007	0.1064	0.007622	0.3045	0	0	0.95	0	0	0	0	0	0	0	0	0	0	0	0	0	0.95	0	0	0	0.95	0	0	0	0	0	0	0	0.95	0	0	0	0	0	0.95	0	0	2.143e-05	2.85e-06	0.8831	0.0001027	0.0009835	0.0006954	0.003346	2.157e-08	0.008096	6.669e-06	4.439e-07	0.001328	4.437e-05	0.0002282	0.0002828	0.01049	0.8505	0.003713	0.003102	0.01381	0.8273	0.02411	0.01681	0.003359	0.008279	0	0	0.95	0	0	0	0	0	0	0	0	0	0	0	0	0	0.95	0	0	0	0.95	0	0	0	0
_D:	9	49	94	evt_94	0	0	0.9963	0.09969	0.1077	0.006783	0.3056	0.95	0	0	0.95	0	0	0	0	0	0	0	0	0	0	0	0	0	0	0	0	0	0	0	0.95	0	0	0	0	0.95	0	0	0	0	0	0.95	0	0	0.7591	0.02955	0.02554	0.8999	0.007998	0.001292	0.0006574	0.0004428	9.47e-05	4.08e-05	0.002539	0.0009557	2.598e-05	0.001597	0.009462	0.006784	0.002197	4.316e-05	2.978e-08	0.009212	5.411e-06	0.03546	0.007047	0.878	0.01561	0.95	0	0	0.95	0	0	0	0	0	0	0	0	0	0	0	0	0	0	0	0	0	0	0	0.95	0
_D:	9	49	95	evt_95	0	0	0.9995	0.1142	0.2039	1.808e-13	0.3005	0	0	0	0.95	0.95	0	0	0	0	0	0	0	0	0.95	0.95	0	0	0	0	0.95	0	0	0	0.95	0	0	0	0	0.95	0	0	0	0	0	0.95	0	0	6.544e-08	5.615e-07	1.073e-05	0.8821	0.8643	3.004e-07	0.000272	1.797e-06	9.797e-07	0.008763	2.245e-05	1.804e-05	3.148e-08	0.8177	0.857	0.0002222	4.126e-11	9.469e-06	1.91e-05	0.8301	4.638e-06	1.067e-07	9.071e-06	0.8359	4.672e-10	0	0	0	0.95	0.95	0	0	0	0	0	0	0	0	0.95	0.95	0	0	0	0	0.95	0	0	0	0.95	0
_D:	9	49	96	evt_96	0	0	0.9995	0.1033	0.1423	4.765e-13	0.3023	0.95	0	0	0	0	0	0	0	0	0	0.95	0.95	0	0	0	0	0	0	0	0	0	0	0.95	0	0	0	0	0	0.95	0	0	0	0	0	0.95	0	0	0.8387	0.0002379	0.007218	1.934e-05	0.0002099	6.35e-05	0.0001962	0.01085	1.571e-05	0.0003232	0.9052	0.8792	0.0112	8.916e-07	7.949e-06	0.002892	0.002723	0.0009234	0.00983	0.008813	2.279e-06	0.0002283	0.8781	0.00135	0.0003949	0.95	0	0	0	0	0	0	0	0	0	0.95	0.95	0	0	0	0	0	0	0	0	0	0	0.95	0	0
_D:	9	49	97	evt_97	0	0	0.9998	0.1045	0.1443	3.75e-06	0.2983	0	0	0	0	0	0	0	0	0	0.95	0.95	0	0	0.95	0.95	0	0	0	0	0	0	0	0	0	0	0	0	0	0.95	0	0	0	0	0	0.95	0	0	0.000614	0.002522	1.343e-05	0.002461	0.007789	0.008126	5.065e-10	0.00418	2.589e-06	0.8718	0.8736	0.0001606	0.002315	0.8943	0.9103	4.421e-05	0.007712	3.32e-07	0.00647	6.143e-05	3.575e-09	0.003116	0.01062	0.0006339	1.582e-09	0	0	0	0	0	0	0	0	0	0.95	0.95	0	0	0.95	0.95	0	0	0	0	0	0	0	0	0	0
_D:	9	49	98	evt_98	0	0	0.9995	0.1055	0.1417	1.119e-08	0.3014	0	0	0	0	0	0.95	0	0.95	0	0	0	0	0	0	0	0	0.95	0.95	0	0	0	0	0	0	0	0	0	0	0.95	0	0	0	0	0	0.95	0	0	4.746e-05	3.614e-09	0.007554	4.531e-05	0.007163	0.835	2.623e-06	0.8872	0.002037	2.052e-05	0.0001018	0.001473	0.001165	0.001491	0.001862	0.007031	0.8786	0.8976	0.01014	0.0007841	0.0001357	0.001001	0.0004388	0.002046	1.435e-05	0	0	0	0	0	0.95	0	0.95	0	0	0	0	0	0	0	0	0.95	0.95	0	0	0	0	0	0	0
_D:	9	49	99	evt_99	0	0	0.9951	0.09417	0.08682	5.837e-09	0.3044	0	0	0	0	0.95	0	0	0	0	0	0	0	0	0.95	0	0	0	0	0	0	0	0	0	0	0	0	0	0	0.95	0	0	0	0	0	0.95	0	0	1.682e-05	0.01186	0.02412	0.004488	0.8671	0.06323	1.656e-06	0.05037	0.01471	0.005164	0.008416	1.05e-05	8.937e-05	0.863	0.02417	1.85e-05	0.07273	4.36e-05	3.206e-06	0.04408	1.557e-05	1.467e-05	0.05311	0.008319	0.05552	0	0	0	0	0.95	0	0	0	0	0	0	0	0	0.95	0	0	0	0	0	0	0	0	0	0	0
_D:	9	49	100	evt_100	0	0	0.999	0.1064	0.1419	4.931e-09	0.3045	0	0	0.95	0.95	0	0	0	0	0	0	0	0	0	0	0	0	0	0.95	0	0.95	0	0	0	0	0	0	0	0	0.95	0	0	0	0	0	0.95	0	0	9.298e-06	0.002285	0.8702	0.9078	9.116e-07	0.001388	3.464e-06	0.004754	2.113e-07	9.015e-06	0.001311	0.009858	0.005953	0.0003329	0.008327	0.005442	1.831e-07	0.816	2.044e-05	0.8953	4.525e-05	0.009765	0.002285	0.002202	0.003423	0	0	0.95	0.95	0	0	0	0	0	0	0	0	0	0	0	0	0	0.95	0	0.95	0	0	0	0	0
_D:	9	49	101	evt_101	0	0	0.9987	0.1026	0.1374	1.798e-12	0.3008	0	0	0	0.95	0	0	0	0	0	0	0.95	0	0	0	0	0	0	0	0	0	0	0	0	0.95	0.95	0	0	0	0.95	0	0	0	0	0	0.95	0	0	3.253e-05	0.0001957	0.005601	0.8963	0.003727	0.009891	0.0006505	0.006949	0.004326	6.934e-06	0.7909	0.01152	3.135e-05	3.338e-07	0.000371	0.0004377	0.0002521	0.000346	9.186e-07	0.008301	0.0006389	5.032e-06	0.007014	0.8593	0.8275	0	0	0	0.95	0	0	0	0	0	0	0.95	0	0	0	0	0	0	0	0	0	0	0	0	0.95	0.95
_D:	9	49	102	evt_102	0	0	0.999	0.1162	0.207	4.447e-11	0.2838	0	0	0	0	0.95	0	0	0	0	0.95	0.95	0	0	0.95	0	0	0.95	0	0.95	0	0	0	0	0	0	0	0	0	0.95	0	0	0	0	0	0.95	0	0	1.405e-08	7.711e-07	2.229e-06	0.005031	0.8737	8.644e-07	4.753e-07	0.0004976	0.01255	0.8875	0.8466	0.01332	0.0008187	0.785	0.009797	7.36e-05	0.8585	0.005992	0.8684	1.093e-08	6.568e-06	2.27e-08	0.007192	8.186e-05	1.086e-08	0	0	0	0	0.95	0	0	0	0	0.95	0.95	0	0	0.95	0	0	0.95	0	0.95	0	0	0	0	0	0
_D:	9	49	103	evt_103	0	0	0.9998	0.1064	0.1734	9.172e-14	0.2946	0	0	0	0	0	0	0	0.95	0	0	0	0.95	0.95	0.95	0	0	0	0	0.95	0	0	0	0	0	0	0	0	0	0.95	0	0	0	0	0	0.95	0	0	7.053e-07	3.472e-05	0.0001915	6.258e-08	6.007e-07	0.001334	2.357e-08	0.8837	1.396e-05	9.228e-07	0.002202	0.8659	0.8721	0.8375	0.0001711	1.103e-06	1.21e-06	0.005869	0.854	0.007338	4.416e-10	1.405e-09	0.003932	5.04e-07	1.122e-05	0	0	0	0	0	0	0	0.95	0	0	0	0.95	0.95	0.95	0	0	0	0	0.95	0	0	0	0	0	0
_D:	9	49	104	evt_104	0	0	0.9962	0.09394	0.08375	1.402e-15	0.3039	0	0	0	0	0	0	0	0	0	0.95	0	0	0	0	0	0	0.95	0	0	0	0	0	0	0	0	0	0	0	0.95	0	0	0	0	0	0.95	0	0	8.627e-05	0.006478	2.59e-09	3.699e-06	0.02192	2.271e-05	0.02585	0.000529	0.05374	0.8485	1.745e-05	0.06697	0.009995	0.00975	0.01006	0.0002169	0.8985	5.908e-05	0.009916	0.008388	1.567e-05	0.0449	0.05055	7.787e-05	0.0273	0	0	0	0	0	0	0	0	0	0.95	0	0	0	0	0	0	0.95	0	0	0	0	0	0	0	0
_D:	9	49	105	evt_105	0	0	0.9995	0.1103	0.1761	1.249e-07	0.301	0	0	0	0	0	0	0	0	0.95	0	0	0.95	0.95	0	0	0	0	0.95	0	0.95	0	0	0	0	0	0	0	0	0.95	0	0	0	0	0	0.95	0	0	1.687e-10	0.000332	7.028e-06	2.163e-05	3.156e-07	4.886e-05	6.859e-05	8.546e-06	0.8305	0.0001383	0.00252	0.8917	0.8945	0.009386	0.0003682	0.001441	0.0005703	0.8743	0.009564	0.8818	2.351e-09	1.675e-08	0.0059	4.132e-07	3.308e-05	0	0	0	0	0	0	0	0	0.95	0	0	0.95	0.95	0	0	0	0	0.95	0	0.95	0	0	0	0	0
_D:	9	49	106	evt_106	0	0	0.9993	0.1068	0.1709	1.274e-11	0.3015	0	0.95	0.95	0	0	0	0	0	0.95	0	0	0	0	0	0	0.95	0	0	0	0	0	0	0	0.95	0	0	0	0	0.95	0	0	0	0	0	0.95	0	0	8.689e-09	0.8185	0.8499	2.541e-06	1.441e-08	3.931e-07	6.382e-10	2.46e-05	0.906	3.651e-08	0.00313	5.189e-07	0.0001661	0.0006638	6.893e-06	0.8513	0.001149	1.023e-08	5.941e-07	3.796e-10	0.00168	2.092e-07	1.892e-08	0.8402	5.658e-07	0	0.95	0.95	0	0	0	0	0	0.95	0	0	0	0	0	0	0.95	0	0	0	0	0	0	0	0.95	0
_D:	9	49	107	evt_107	0	0	0.9994	0.1174	0.2091	6.8e-16	0.2855	0	0	0.95	0.95	0	0	0	0	0	0.95	0	0.95	0	0	0	0	0	0	0.95	0	0.95	0	0	0	0	0	0	0	0.95	0	0	0	0	0	0.95	0	0	2.41e-10	0.009882	0.854	0.8875	0.005303	6.777e-06	1.244e-08	4.114e-08	3.623e-05	0.8534	0.002413	0.8152	6.105e-06	0.004746	0.003107	6.478e-06	0.00489	0.0005879	0.8922	0.002387	0.8696	4.102e-05	0.01003	0.001624	0.01067	0	0	0.95	0.95	0	0	0	0	0	0.95	0	0.95	0	0	0	0	0	0	0.95	0	0.95	0	0	0	0
_D:	9	49	108	evt_108	0	0	0.9956	0.1243	0.264	0.01722	0.2847	0	0.95	0.95	0	0	0	0	0	0	0	0	0.95	0	0	0	0	0	0	0.95	0.95	0.95	0	0.95	0	0.95	0	0	0	0.95	0	0	0	0	0	0.95	0	0	4.039e-09	0.682	0.8817	0.00222	4.588e-09	3.723e-07	1.602e-11	1.137e-09	1.19e-05	4.138e-06	0.0001489	0.9074	7.384e-06	8.069e-06	1.822e-06	0.0001605	3.882e-08	0.0001271	0.8053	0.8208	0.8056	4.424e-09	0.8285	3.651e-07	0.8666	0	0.95	0.95	0	0	0	0	0	0	0	0	0.95	0	0	0	0	0	0	0.95	0.95	0.95	0	0.95	0	0.95
_D:	9	49	109	evt_109	0	0	0.9465	0.09588	0.09217	5.204e-19	0.3074	0	0	0	0	0	0	0	0	0	0	0	0	0	0	0.95	0	0	0	0	0	0	0	0	0	0.95	0	0	0	0.95	0	0	0	0	0	0.95	0	0	7.728e-07	0.2759	0.07093	0.001253	7.74e-06	0.009873	0.04262	0.01386	8.231e-05	0.01557	6.279e-06	0.001219	0.009264	0.001687	0.764	3.738e-09	0.01808	8.261e-07	0.01624	0.2444	4.221e-08	0.01055	5.815e-05	0.0002229	0.8084	0	0	0	0	0	0	0	0	0	0	0	0	0	0	0.95	0	0	0	0	0	0	0	0	0	0.95
_D:	9	49	110	evt_110	0	0	0.9996	0.1109	0.1761	1.542e-22	0.2994	0	0	0	0	0	0	0	0	0	0.95	0	0.95	0	0	0.95	0	0	0	0.95	0	0	0	0	0.95	0	0	0	0	0.95	0	0	0	0	0	0.95	0	0	1.826e-09	0.0004517	0.01475	0.007881	0.005995	4.658e-05	2.081e-06	4.747e-07	0.01021	0.8793	0.004835	0.8435	0.001837	0.0007416	0.891	0.008789	3.956e-05	9.475e-05	0.8746	0.009224	0.00758	4.915e-05	6.977e-05	0.8413	4.266e-05	0	0	0	0	0	0	0	0	0	0.95	0	0.95	0	0	0.95	0	0	0	0.95	0	0	0	0	0.95	0
_D:	9	49	111	evt_111	0	0	0.9998	0.1086	0.142	1.497e-23	0.3047	0	0	0	0.95	0.95	0	0	0	0	0.95	0	0	0	0	0	0	0	0	0	0	0	0	0.95	0	0	0	0	0	0.95	0	0	0	0	0	0.95	0	0	0.009734	0.0003684	0.001197	0.8689	0.862	3.254e-05	0.0009899	0.007452	0.001367	0.8579	4.371e-05	0.006655	0.0023	0.01133	0.01117	0.0001981	1.617e-05	0.01388	0.003369	0.00956	0.006018	0.01973	0.8457	0.01	2.886e-06	0	0	0	0.95	0.95	0	0	0	0	0.95	0	0	0	0	0	0	0	0	0	0	0	0	0.95	0	0
_D:	9	49	112	evt_112	0	0	0.9998	0.1055	0.1434	0.005126	0.3018	0	0	0.95	0	0	0	0	0	0	0	0	0	0	0	0	0.95	0	0	0	0.95	0.95	0	0	0	0	0	0	0	0.95	0	0	0	0	0	0.95	0	0	3.019e-05	0.007461	0.8936	0.002016	9.56e-05	0.007547	0.001703	7.526e-08	0.001666	7.803e-11	1.095e-05	0.002808	1.162e-07	3.195e-06	0.01305	0.8639	8.986e-06	2.465e-05	0.00325	0.8731	0.9032	2.024e-05	0.007416	0.001589	0.001347	0	0	0.95	0	0	0	0	0	0	0	0	0	0	0	0	0.95	0	0	0	0.95	0.95	0	0	0	0
_D:	9	49	113	evt_113	0	0	0.999	0.0998	0.112	2.833e-14	0.308	0	0	0	0	0	0	0.95	0	0.95	0	0	0	0	0	0	0.95	0	0	0	0	0	0	0	0	0	0	0	0	0.95	0	0	0	0	0	0.95	0	0	0.005479	0.02415	0.001731	0.0007888	3.13e-06	3.431e-06	0.8919	0.01311	0.9058	6.626e-06	7.119e-05	0.008781	0.0002094	2.163e-05	0.02006	0.8481	0.0002068	0.005889	0.01418	0.03638	0.001453	0.002656	0.01976	1.834e-05	3.292e-05	0	0	0	0	0	0	0.95	0	0.95	0	0	0	0	0	0	0.95	0	0	0	0	0	0	0	0	0
_D:	9	49	114	evt_114	0	0	0.9891	0.09543	0.09	2.604e-17	0.3046	0	0	0	0	0	0	0	0	0	0	0	0	0	0	0	0	0	0	0	0	0	0.95	0.95	0	0	0	0	0	0.95	0	0	0	0	0	0.95	0	0	0.01132	0.008746	0.0001056	0.06527	0.01187	0.06122	0.01285	0.005963	0.01016	0.05119	0.003476	0.01025	0.02737	0.009344	0.05925	3.288e-05	0.1572	3.952e-07	0.0004332	0.01022	1.894e-05	0.8712	0.8521	0.001299	0.00925	0	0	0	0	0	0	0	0	0	0	0	0	0	0	0	0	0	0	0	0	0	0.95	0.95	0	0
_D:	9	49	115	evt_115	0	0	0.9994	0.1126	0.2067	1.165e-20	0.2952	0	0	0	0	0	0	0.95	0	0.95	0	0	0	0	0	0.95	0.95	0	0.95	0.95	0	0	0	0	0	0	0	0	0	0.95	0	0	0	0	0	0.95	0	0	1.665e-08	1.914e-05	1.636e-06	0.0002407	6.685e-05	0.0001537	0.8255	0.00161	0.9037	0.00454	0.002539	0.0003989	1.069e-06	1.816e-06	0.8739	0.8516	0.0007672	0.8586	0.8319	0.00826	0.003395	1.336e-06	4.16e-05	3.899e-08	2.092e-07	0	0	0	0	0	0	0.95	0	0.95	0	0	0	0	0	0.95	0.95	0	0.95	0.95	0	0	0	0	0	0
_D:	9	49	116	evt_116	0	0	0.9995	0.09785	0.1073	9.623e-14	0.2998	0	0	0	0	0	0	0	0.95	0	0.95	0	0	0.95	0	0	0	0	0	0	0	0	0	0	0	0	0	0	0	0.95	0	0	0	0	0	0.95	0	0	5.336e-06	0.01169	0.006343	0.001253	0.006181	1.043e-07	7.469e-05	0.8909	0.003157	0.8672	0.003318	0.009835	0.8361	0.0077	0.01406	9.755e-07	0.009055	2.104e-05	0.0005391	0.0001501	9.148e-11	0.003747	0.009594	0.0009302	1.818e-06	0	0	0	0	0	0	0	0.95	0	0.95	0	0	0.95	0	0	0	0	0	0	0	0	0	0	0	0
_D:	9	49	117	evt_117	0	0	0.9938	0.09435	0.07986	1.427e-11	0.3045	0	0	0	0	0	0	0	0	0	0	0	0	0	0	0	0	0.95	0	0	0	0	0.95	0	0	0	0	0	0	0.95	0	0	0	0	0	0.95	0	0	0.002442	0.0004034	0.009687	6.921e-08	0.01501	0.017	0.005686	0.01742	0.02021	0.1268	0.01037	0.01848	0.0006154	0.004164	0.008691	0.005599	0.8694	6.644e-05	4.272e-05	1.461e-06	0.01024	0.8161	0.01291	0.01791	0.007257	0	0	0	0	0	0	0	0	0	0	0	0	0	0	0	0	0.95	0	0	0	0	0.95	0	0	0
_D:	9	49	118	evt_118	0	0	0.9986	0.103	0.1405	2.064e-27	0.3045	0	0	0	0	0	0	0	0	0	0.95	0	0	0	0	0.95	0.95	0	0	0	0	0.95	0	0	0	0	0	0	0	0.95	0	0	0	0	0	0.95	0	0	8.076e-05	0.002766	0.01521	0.003001	0.01281	0.0001149	0.01058	2.084e-08	0.002452	0.7889	3.636e-05	0.01395	5.577e-09	0.0002236	0.8833	0.8598	0.0006291	0.0006794	0.02706	0.003484	0.8741	8.066e-07	0.01106	0.001594	6.44e-06	0	0	0	0	0	0	0	0	0	0.95	0	0	0	0	0.95	0.95	0	0	0	0	0.95	0	0	0	0
_D:	9	49	119	evt_119	0	0	0.9996	0.1057	0.1452	5.502e-08	0.2987	0	0	0.95	0	0.95	0	0	0	0	0	0.95	0.95	0	0	0	0	0	0	0	0	0	0	0	0	0	0	0	0	0.95	0	0	0	0	0	0.95	0	0	0.002181	0.0003699	0.8925	0.0004291	0.8697	6.232e-06	5.122e-05	9.095e-05	5.355e-06	1.647e-05	0.8738	0.8838	0.002077	0.0008132	0.01398	6.36e-05	0.01231	0.00379	0.009627	0.01077	0.002856	3.147e-08	0.009666	0.00399	0.03833	0	0	0.95	0	0.95	0	0	0	0	0	0.95	0.95	0	0	0	0	0	0	0	0	0	0	0	0	0
_D:	9	49	120	evt_120	0	0	0.999	0.03191	0.07271	8.021e-10	6.541e-31	0	0	0	0	0	0	0	0	0	0	0	0	0.95	0	0	0	0	0	0	0	0	0.95	0	0	0	0	0	0	0	0	0	0	0	0	0	0	0	2.345e-07	7.871e-11	0.001273	9.634e-08	0.01566	1.159e-12	7.777e-05	0.01953	2.516e-07	0.009868	6.607e-05	0.0007674	0.8469	0.0002139	2.327e-13	6.939e-10	7.506e-06	3.32e-16	3.099e-06	0.00139	1.157e-11	0.8789	0.04292	2.109e-06	0.0001016	0	0	0	0	0	0	0	0	0	0	0	0	0.95	0	0	0	0	0	0	0	0	0.95	0	0	0
_D:	9	49	121	evt_121	0	0	0.9998	0.03225	0.07086	1.107e-18	1.849e-21	0	0	0	0	0	0	0	0.95	0	0.95	0	0	0	0	0	0	0	0	0	0	0	0	0	0	0	0	0	0	0	0	0	0	0	0	0	0	0	0.01497	3.249e-07	1.414e-09	2.498e-13	1.636e-11	4.918e-13	1.455e-10	0.8655	1.309e-10	0.885	2.341e-08	4.11e-06	0.0002444	1.172e-05	1.602e-10	3.202e-11	1.254e-05	3.296e-12	3.063e-07	1.75e-09	1.738e-08	7.824e-06	2.178e-14	0.00587	8.875e-10	0	0	0	0	0	0	0	0.95	0	0.95	0	0	0	0	0	0	0	0	0	0	0	0	0	0	0
_D:	9	49	122	evt_122	0	0	0.9997	0.07157	0.1772	0.02654	0.0251	0	0	0	0	0	0	0.95	0.95	0	0	0	0	0	0.95	0	0	0	0	0	0	0.95	0.95	0	0	0	0	0	0	0	0	0	0	0	0	0	0	0	0.0005087	3.224e-08	1.42e-06	1.242e-08	0.005744	1.503e-08	0.8995	0.8816	3.045e-06	0.001415	1.946e-09	2.578e-07	0.0007003	0.9037	2.656e-09	0.001516	8.995e-07	6.299e-07	3.411e-09	2.687e-09	0.852	0.8814	3.033e-06	0.0007634	2.753e-06	0	0	0	0	0	0	0.95	0.95	0	0	0	0	0	0.95	0	0	0	0	0	0	0.95	0.95	0	0	0
_D:	9	49	123	evt_123	0	0	0.9998	0.06666	0.1467	0.007611	0.0168	0	0	0	0	0	0	0	0.95	0	0	0	0.95	0.95	0	0	0	0	0	0.95	0	0	0	0	0	0	0	0	0	0	0	0	0	0	0	0	0	0	9.994e-06	0.009011	0.007228	0.002438	9.546e-05	0.004453	2.523e-06	0.8937	0.005805	0.008864	0.0003604	0.9018	0.9219	0.005778	1.696e-08	2.646e-05	0.0007746	1.733e-06	0.8884	0.01028	3.416e-05	0.006688	0.0003642	5.749e-05	0.0002052	0	0	0	0	0	0	0	0.95	0	0	0	0.95	0.95	0	0	0	0	0	0.95	0	0	0	0	0	0
_D:	9	49	124	evt_124	0	0	0.9999	0.06908	0.1482	0.02255	0.01695	0	0	0	0	0.95	0	0	0.95	0	0	0	0.95	0	0	0	0	0	0	0	0	0	0	0	0	0.95	0	0	0	0	0	0	0	0	0	0	0	0	0.008154	0.001797	1.214e-06	0.0006394	0.9056	9.368e-08	0.004035	0.9101	1.871e-05	0.007974	0.008141	0.8961	0.01994	5.726e-10	0.004485	0.008675	0.00145	0.009295	0.008411	1.497e-06	0.000223	7.22e-08	7.267e-06	1.148e-05	0.9094	0	0	0	0	0.95	0	0	0.95	0	0	0	0.95	0	0	0	0	0	0	0	0	0	0	0	0	0.95
_D:	9	49	125	evt_125	0	0	0.9995	0.03123	0.07401	5.597e-08	1.623e-20	0	0	0	0	0	0	0	0	0.95	0	0	0	0	0	0	0	0	0	0	0	0	0	0	0	0.95	0	0	0	0	0	0	0	0	0	0	0	0	2.072e-12	1.14e-05	0.02854	3.018e-08	3.495e-10	9.475e-09	1.484e-06	0.007414	0.8828	0.0005037	0.0004927	0.01965	1.148e-09	0.0006974	0.0107	0.002314	0.0003029	0.01742	0.0001069	1.015e-05	0.006931	6.977e-07	8.849e-10	0.0002432	0.8721	0	0	0	0	0	0	0	0	0.95	0	0	0	0	0	0	0	0	0	0	0	0	0	0	0	0.95
_D:	9	49	126	evt_126	0	0	0.9999	0.03119	0.07147	4.347e-08	0.002258	0	0.95	0	0.95	0	0	0	0	0	0	0	0	0	0	0	0	0	0	0	0	0	0	0	0	0	0	0	0	0	0	0	0	0	0	0	0	0	7.333e-08	0.8844	0.0003119	0.8711	4.622e-13	5.117e-10	1.172e-07	1.127e-07	6.056e-14	0.0007685	0.0007968	3.737e-08	0.01001	1.302e-10	2.564e-10	4.996e-12	9.743e-07	0.008014	8.022e-06	0.001232	1.16e-07	1.048e-07	3.766e-08	1.331e-09	0.01009	0	0.95	0	0.95	0	0	0	0	0	0	0	0	0	0	0	0	0	0	0	0	0	0	0	0	0
_D:	9	49	127	evt_127	0	0	0.9983	0.05616	0.1183	0.01235	0.01664	0	0	0	0	0	0	0	0	0	0	0	0	0	0.95	0.95	0	0	0.95	0	0	0	0	0	0	0	0	0	0	0	0	0	0	0	0	0	0	0	0.00253	0.008093	0.0003746	0.009788	0.01116	0.00124	0.01297	0.01199	0.085	0.0136	8.56e-05	3.966e-10	0.01026	0.9226	0.9032	0.0003179	0.005382	0.9015	0.002456	0.0186	3.278e-05	1.887e-07	0.02621	5.184e-09	0.009279	0	0	0	0	0	0	0	0	0	0	0	0	0	0.95	0.95	0	0	0.95	0	0	0	0	0	0	0
_D:	9	49	128	evt_128	0	0	0.9989	0.03206	0.07571	5.139e-07	3.052e-15	0	0	0	0	0	0	0	0	0	0	0	0.95	0	0	0	0	0	0	0.95	0	0	0	0	0	0	0	0	0	0	0	0	0	0	0	0	0	0	1.24e-14	8.623e-05	0.02151	5.141e-06	0.0005514	2.828e-06	2.528e-10	2.962e-06	0.0519	0.01424	0.000158	0.8968	0.007899	0.01021	1.134e-05	2.073e-05	1.698e-11	0.004374	0.8747	2.726e-10	5.844e-06	1.287e-09	1.058e-05	1.94e-09	0.01028	0	0	0	0	0	0	0	0	0	0	0	0.95	0	0	0	0	0	0	0.95	0	0	0	0	0	0
_D:	9	49	129	evt_129	0	0	0.9994	0.07377	0.1791	0.01499	4.373e-11	0	0	0	0	0	0	0	0.95	0	0	0	0	0.95	0.95	0	0	0.95	0	0	0	0	0.95	0	0	0	0	0	0	0	0	0	0	0	0	0	0	0	2.434e-05	6.055e-07	2.994e-07	1.526e-07	0.0002469	6.619e-06	0.007969	0.9265	5.547e-06	0.0006411	1.079e-05	0.009984	0.9129	0.8556	1.359e-05	0.000168	0.8831	0.01062	2.638e-05	1.259e-07	1.249e-05	0.8655	0.003626	0.0003756	4.825e-06	0	0	0	0	0	0	0	0.95	0	0	0	0	0.95	0.95	0	0	0.95	0	0	0	0	0.95	0	0	0
_D:	9	49	130	evt_130	0	0	0.9993	0.08436	0.2129	0.01059	0.02741	0	0	0.95	0	0	0	0	0	0	0.95	0	0.95	0	0.95	0	0	0	0	0	0.95	0	0	0	0	0.95	0	0	0	0	0	0	0	0	0	0	0	0	0.001594	0.01011	0.8696	0.00981	1.401e-09	1.95e-06	9.771e-07	0.0002954	0.0007719	0.9101	5.014e-07	0.8525	0.01824	0.8404	0.0002245	0.01184	0.0001417	0.0009443	0.009946	0.8691	0.007484	1.402e-06	1.687e-06	4.627e-06	0.9081	0	0	0.95	0	0	0	0	0	0	0.95	0	0.95	0	0.95	0	0	0	0	0	0.95	0	0	0	0	0.95
_D:	9	49	131	evt_131	0	0	0.9992	0.06499	0.1471	0.01027	0.0001731	0.95	0	0	0	0	0	0	0	0	0.95	0	0	0	0	0.95	0	0	0	0	0	0	0	0	0	0.95	0	0	0	0	0	0	0	0	0	0	0	0	0.8973	0.01003	0.01381	9.735e-06	0.0004447	0.01551	1.73e-07	1.169e-05	0.0002964	0.9101	2.091e-05	0.0004161	4.279e-08	0.002494	0.8454	0.02387	8.707e-05	0.01347	0.003174	0.002939	0.01036	2.011e-07	2.842e-05	0.01375	0.9148	0.95	0	0	0	0	0	0	0	0	0.95	0	0	0	0	0.95	0	0	0	0	0	0	0	0	0	0.95
_D:	9	49	132	evt_132	0	0	0.9991	0.07321	0.1774	0.01218	0.02004	0.95	0	0	0.95	0.95	0	0	0	0	0	0	0	0	0	0	0	0	0	0	0	0	0.95	0.95	0	0	0	0	0	0	0	0	0	0	0	0	0	0	0.8232	4.368e-05	0.002663	0.8607	0.8957	6.014e-07	7.319e-05	2.568e-06	0.0003145	0.01164	0.0001191	1.662e-07	0.008391	0.002146	0.002787	3.311e-08	5.766e-08	0.0004756	0.01313	3.42e-06	0.03246	0.8628	0.9064	0.01224	2.121e-06	0.95	0	0	0.95	0.95	0	0	0	0	0	0	0	0	0	0	0	0	0	0	0	0	0.95	0.95	0	0
_D:	9	49	133	evt_133	0	0	0.9996	0.0569	0.1145	0.01513	0.02293	0	0	0.95	0	0	0	0	0	0	0	0	0	0	0	0	0	0	0	0	0	0	0.95	0	0	0.95	0	0	0	0	0	0	0	0	0	0	0	0	3.639e-05	0.0008859	0.8986	4.906e-05	0.0001567	0.006002	0.009585	0.002085	0.009628	0.03676	0.008748	2.391e-06	0.009725	0.0006404	0.01138	0.005395	0.0003759	1.287e-07	0.01782	0.001795	0.008949	0.9058	0.002984	0.0005301	0.9246	0	0	0.95	0	0	0	0	0	0	0	0	0	0	0	0	0	0	0	0	0	0	0.95	0	0	0.95
_D:	9	49	134	evt_134	0	0	0.9998	0.03205	0.07347	1.271e-06	4.459e-08	0.95	0	0	0	0	0	0	0	0	0	0.95	0	0	0	0	0	0	0	0	0	0	0	0	0	0	0	0	0	0	0	0	0	0	0	0	0	0	0.8935	2.827e-07	4.611e-06	0.0009828	1.261e-05	0.001765	0.0007547	1.436e-05	6.517e-07	0.01346	0.8846	7.534e-09	1.325e-05	0.005615	0.003528	0.0214	4.037e-05	0.0003926	1.174e-05	5.919e-05	0.0006873	5.105e-08	0.009898	1.212e-08	1.37e-08	0.95	0	0	0	0	0	0	0	0	0	0.95	0	0	0	0	0	0	0	0	0	0	0	0	0	0
_D:	9	49	135	evt_135	0	0	0.995	0.05529	0.1196	0.03039	0.003343	0	0.95	0	0	0	0	0	0	0	0	0	0	0	0	0	0	0.95	0.95	0	0	0	0	0	0	0	0	0	0	0	0	0	0	0	0	0	0	0	0.009448	0.9019	0.0036	0.006969	1.544e-07	9.47e-05	0.001985	0.01127	0.007083	0.005803	0.009121	0.003161	0.01122	0.004865	0.009459	0.0003766	0.9036	0.9211	1.822e-05	0.0007877	0.1532	0.0106	0.00858	2.796e-07	0.005125	0	0.95	0	0	0	0	0	0	0	0	0	0	0	0	0	0	0.95	0.95	0	0	0	0	0	0	0
_D:	9	49	136	evt_136	0	0	0.9998	0.06413	0.1496	0.0164	0.0001691	0	0	0	0	0	0	0	0	0	0	0	0.95	0.95	0	0	0	0	0	0	0	0	0.95	0	0.95	0	0	0	0	0	0	0	0	0	0	0	0	0	1.334e-06	0.02356	0.009861	0.00439	7.677e-05	0.009567	3.48e-05	0.003836	0.02207	0.0003072	0.005491	0.8932	0.9033	0.0156	6.773e-06	0.002709	0.00741	7.182e-09	5.303e-06	0.005035	0.002647	0.908	0.01054	0.9117	0.0001145	0	0	0	0	0	0	0	0	0	0	0	0.95	0.95	0	0	0	0	0	0	0	0	0.95	0	0.95	0
_D:	9	49	137	evt_137	0	0	0.9996	0.07369	0.1803	0.01497	0.02626	0	0.95	0	0	0.95	0	0	0	0	0	0.95	0	0	0	0	0	0	0	0	0	0.95	0	0.95	0	0	0	0	0	0	0	0	0	0	0	0	0	0	0.00239	0.8693	0.002487	0.02965	0.8945	0.00492	1.067e-06	4.997e-05	0.001522	0.0006435	0.9084	0.005715	0.006326	9.522e-05	4.828e-06	1.327e-05	8.426e-06	0.000129	0.000115	0.01967	0.8919	2.888e-05	0.8707	2.83e-05	0.0002268	0	0.95	0	0	0.95	0	0	0	0	0	0.95	0	0	0	0	0	0	0	0	0	0.95	0	0.95	0	0
_D:	9	49	138	evt_138	0	0	0.9979	0.03298	0.07758	0.0002264	6.113e-19	0	0	0	0	0	0	0	0	0	0	0	0	0	0	0	0	0	0	0	0	0	0.95	0	0	0.95	0	0	0	0	0	0	0	0	0	0	0	0	2.762e-06	3.122e-09	0.002202	2.785e-09	4.622e-05	0.02495	0.0002008	0.001658	0.0003942	7.38e-06	1.919e-08	2.48e-05	1.505e-05	7.323e-08	2.857e-07	2.402e-08	0.02491	1.11e-12	3.468e-06	6.502e-10	0.07631	0.9082	5.497e-07	2.274e-06	0.9005	0	0	0	0	0	0	0	0	0	0	0	0	0	0	0	0	0	0	0	0	0	0.95	0	0	0.95
_D:	9	49	139	evt_139	0	0	0.9991	0.07521	0.1874	0.01967	0.01183	0	0	0.95	0	0	0	0	0	0.95	0.95	0	0	0	0	0	0	0	0	0.95	0	0	0	0	0.95	0	0	0	0	0	0	0	0	0	0	0	0	0	9.949e-07	0.06876	0.915	0.0001813	0.0002345	5.676e-05	0.0003088	0.0002841	0.9109	0.9157	0.009242	0.02374	2.43e-05	0.002155	1.887e-05	0.009565	0.007983	0.01071	0.8781	0.01761	1.689e-05	0.006326	2.014e-07	0.8974	0.01127	0	0	0.95	0	0	0	0	0	0.95	0.95	0	0	0	0	0	0	0	0	0.95	0	0	0	0	0.95	0
_D:	9	49	140	evt_140	0	0	0.999	0.06223	0.1521	0.02844	0.02091	0	0	0	0	0	0	0	0	0	0	0.95	0	0	0	0.95	0.95	0.95	0	0	0	0	0	0	0	0	0	0	0	0	0	0	0	0	0	0	0	0	0.009799	0.0008256	0.009995	0.007558	0.01012	0.02602	0.0001894	5.186e-06	0.01027	4.242e-08	0.9218	0.001761	0.01459	0.06681	0.8914	0.9171	0.8788	0.00934	0.007314	0.002939	2.198e-05	6.296e-08	0.00182	0.007334	0.005891	0	0	0	0	0	0	0	0	0	0	0.95	0	0	0	0.95	0.95	0.95	0	0	0	0	0	0	0	0
_D:	9	49	141	evt_141	0	0	0.989	0.0567	0.1245	0.02041	0.01421	0.95	0	0	0	0	0	0	0	0	0	0	0	0	0	0	0	0	0.95	0	0	0.95	0	0	0	0	0	0	0	0	0	0	0	0	0	0	0	0	0.9154	0.006279	0.01312	0.003139	0.004798	0.009027	0.01055	0.04985	7.66e-05	0.002277	0.009015	0.008291	3.934e-10	0.01601	0.0009559	0.0002559	0.0001561	0.9123	1.568e-06	0.004925	0.8939	0.01026	0.01905	1.928e-05	0.223	0.95	0	0	0	0	0	0	0	0	0	0	0	0	0	0	0	0	0.95	0	0	0.95	0	0	0	0
_D:	9	49	142	evt_142	0	0	0.997	0.03165	0.07765	2.783e-25	0.006408	0	0	0	0	0.95	0	0	0	0	0	0	0	0	0	0.95	0	0	0	0	0	0	0	0	0	0	0	0	0	0	0	0	0	0	0	0	0	0	3.699e-12	1.163e-05	0.001195	0.006056	0.8862	7.766e-10	1.834e-05	8.925e-06	0.0008617	2.762e-09	3.768e-05	1.648e-09	1.292e-07	0.01921	0.8744	2.237e-05	1.741e-09	2.075e-07	0.0608	0.02074	2.423e-05	3.951e-07	3.326e-07	0.07164	3.219e-07	0	0	0	0	0.95	0	0	0	0	0	0	0	0	0	0.95	0	0	0	0	0	0	0	0	0	0
_D:	9	49	143	evt_143	0	0	0.9996	0.0745	0.1843	0.03417	0.02239	0	0.95	0.95	0	0	0	0	0	0	0	0.95	0	0	0	0	0	0	0.95	0	0.95	0	0	0	0	0	0	0	0	0	0	0	0	0	0	0	0	0	0.0001314	0.8712	0.9145	0.02046	0.008904	6.242e-05	4.177e-09	2.181e-08	0.008273	9.469e-06	0.9189	0.004926	5.633e-06	0.004882	0.008996	0.01054	0.0008665	0.9048	0.02915	0.8954	0.001249	3.853e-08	0.003256	0.001495	8.914e-05	0	0.95	0.95	0	0	0	0	0	0	0	0.95	0	0	0	0	0	0	0.95	0	0.95	0	0	0	0	0
_D:	9	49	144	evt_144	0	0	0.9996	0.09026	0.2522	0.02878	0.02603	0	0	0.95	0	0	0	0	0	0.95	0	0.95	0.95	0.95	0	0	0	0.95	0	0	0	0	0	0	0.95	0	0	0	0	0	0	0	0	0	0	0	0	0	6.035e-09	0.03283	0.877	0.009965	0.008398	0.004038	1.004e-06	1.588e-06	0.9037	8.199e-07	0.9142	0.8939	0.8849	0.0001381	0.0001327	0.01084	0.869	0.0007297	0.004201	2.225e-05	1.866e-06	0.001061	0.01146	0.8747	0.003641	0	0	0.95	0	0	0	0	0	0.95	0	0.95	0.95	0.95	0	0	0	0.95	0	0	0	0	0	0	0.95	0
_D:	9	49	145	evt_145	0	0	0.9745	0.07804	0.204	0.01607	0.007376	0	0	0	0	0	0	0	0	0.95	0.95	0	0	0	0	0	0.95	0	0.95	0	0	0	0	0	0	0.95	0	0	0	0	0	0	0	0	0	0	0	0	3.441e-06	0.4161	0.0278	0.0004263	0.01334	0.0002592	0.001121	0.0007317	0.8938	0.9011	0.007089	0.01984	0.003761	0.04459	0.01505	0.8884	0.01424	0.8968	0.01026	0.02281	3.204e-06	2.743e-06	0.01418	0.009664	0.8983	0	0	0	0	0	0	0	0	0.95	0.95	0	0	0	0	0	0.95	0	0.95	0	0	0	0	0	0	0.95
_D:	9	49	146	evt_146	0	0	0.9993	0.03365	0.07491	2.104e-08	1.815e-17	0	0	0	0	0	0	0	0.95	0	0	0	0	0	0	0	0	0	0	0	0	0	0	0	0.95	0	0	0	0	0	0	0	0	0	0	0	0	0	4.503e-06	8.982e-08	1.005e-08	1.322e-05	0.0001958	0.00068	5.854e-11	0.9028	1.32e-06	0.001435	1.676e-11	0.03338	3.876e-05	1.386e-06	0.0002522	0.009233	0.0001362	0.007705	3.672e-08	0.02999	0.007612	0.0002174	6.762e-13	0.879	2.063e-05	0	0	0	0	0	0	0	0.95	0	0	0	0	0	0	0	0	0	0	0	0	0	0	0	0.95	0
_D:	9	49	147	evt_147	0	0	0.9974	0.05636	0.1232	0.007559	0.002173	0	0.95	0	0	0	0	0	0	0	0	0	0	0.95	0.95	0	0	0	0	0	0	0	0	0	0	0	0	0	0	0	0	0	0	0	0	0	0	0	1.962e-06	0.9053	0.009658	0.002879	0.004749	0.02186	0.01331	0.01042	0.002027	0.0116	0.03468	0.01674	0.9359	0.9011	0.002615	0.04092	0.05865	0.007575	0.0003884	9.762e-05	0.000279	0.003174	0.08839	0.00818	1.663e-05	0	0.95	0	0	0	0	0	0	0	0	0	0	0.95	0.95	0	0	0	0	0	0	0	0	0	0	0
_D:	9	49	148	evt_148	0	0	0.9955	0.07434	0.1931	0.02857	0.02872	0	0	0	0	0	0	0	0	0.95	0	0	0.95	0	0	0	0.95	0	0	0.95	0	0	0	0	0	0.95	0	0	0	0	0	0	0	0	0	0	0	0	3.341e-09	0.1672	0.01679	3.822e-07	0.0002576	0.0003178	0.0001388	0.0001381	0.9081	0.03839	0.03722	0.925	0.0002145	1.206e-05	0.00169	0.9016	0.0004688	0.009614	0.8798	0.0003727	0.0005275	3.263e-08	0.01575	0.0007797	0.9232	0	0	0	0	0	0	0	0	0.95	0	0	0.95	0	0	0	0.95	0	0	0.95	0	0	0	0	0	0.95
_D:	9	49	149	evt_149	0	0	0.9838	0.06035	0.1327	4.826e-05	0.03021	0	0	0	0	0	0	0	0	0	0.95	0	0	0.95	0	0	0	0	0	0.95	0	0	0	0	0	0	0	0	0	0	0	0	0	0	0	0	0	0	0.001189	3.903e-06	0.001965	0.007397	0.000909	1.195e-05	0.009439	0.1999	0.01482	0.9237	0.00922	0.008478	0.9085	0.006804	5.072e-05	0.00402	0.01091	0.009672	0.9069	0.001628	0.009814	0.07206	0.1945	0.009821	0.005892	0	0	0	0	0	0	0	0	0	0.95	0	0	0.95	0	0	0	0	0	0.95	0	0	0	0	0	0
_D:	9	49	150	evt_150	0	0	0.9997	0.09539	0.253	0.03703	0.02933	0	0.95	0	0	0	0	0	0	0.95	0.95	0	0	0.95	0.95	0	0	0	0.95	0	0	0	0	0.95	0	0	0	0	0	0	0	0	0	0	0	0	0	0	5.229e-08	0.9002	0.0003735	0.001744	0.01351	1.092e-05	9.298e-06	4.763e-05	0.89	0.914	0.00014	0.001376	0.8822	0.8661	1.137e-05	0.03105	0.0005203	0.8915	0.0008319	0.02057	2.524e-07	0.008828	0.8934	7.616e-05	0.007806	0	0.95	0	0	0	0	0	0	0.95	0.95	0	0	0.95	0.95	0	0	0	0.95	0	0	0	0	0.95	0	0
_D:	9	49	151	evt_151	0	0	0.9933	0.05728	0.1254	0.005988	0.02026	0	0	0	0	0	0	0	0.95	0	0	0	0.95	0	0	0	0	0	0.95	0	0	0	0	0	0	0	0	0	0	0	0	0	0	0	0	0	0	0	3.579e-05	0.01591	0.001559	0.001509	0.1686	7.931e-06	5.014e-06	0.9313	0.007691	0.000806	0.0005643	0.9148	0.03073	0.01673	1.828e-06	1.222e-05	0.06002	0.9158	0.01108	6.893e-05	0.03968	1.811e-06	0.0001281	0.00978	0.008521	0	0	0	0	0	0	0	0.95	0	0	0	0.95	0	0	0	0	0	0.95	0	0	0	0	0	0	0
_D:	9	49	152	evt_152	0	0	0.9968	0.02944	0.07812	0.01669	1.054e-11	0.95	0	0	0	0	0.95	0	0	0	0	0	0	0	0	0	0	0	0	0	0	0	0	0	0	0	0	0	0	0	0	0	0	0	0	0	0	0	0.8898	1.495e-05	0.02586	1.253e-11	5.314e-13	0.8743	9.264e-11	3.155e-09	3.416e-11	0.0008633	0.03963	2.926e-09	0.03852	0.0002974	0.0005103	4.083e-06	1.931e-05	8.575e-09	4.176e-07	0.0002856	0.0001569	2.436e-08	5.381e-09	1.435e-09	0.08277	0.95	0	0	0	0	0.95	0	0	0	0	0	0	0	0	0	0	0	0	0	0	0	0	0	0	0
_D:	9	49	153	evt_153	0	0	0.9948	0.06764	0.1629	0.02731	0.0186	0	0	0	0	0.95	0	0	0	0	0	0.95	0	0	0	0	0	0	0	0.95	0	0.95	0	0	0	0	0	0	0	0	0	0	0	0	0	0	0	0	2.596e-07	0.1558	0.07762	0.007128	0.9231	0.004865	0.00983	2.122e-07	0.006521	6.084e-05	0.9107	0.0005289	0.06168	0.006975	0.009064	0.01012	0.01866	0.03927	0.9084	0.0001957	0.9145	3.469e-08	0.006047	0.0003441	2.235e-06	0	0	0	0	0.95	0	0	0	0	0	0.95	0	0	0	0	0	0	0	0.95	0	0.95	0	0	0	0
_D:	9	49	154	evt_154	0	0	0.9993	0.05476	0.1174	0.02734	0.005926	0	0	0	0	0	0	0	0.95	0	0	0	0	0.95	0	0	0	0	0	0	0.95	0	0	0	0	0	0	0	0	0	0	0	0	0	0	0	0	0	0.0174	0.01203	0.0003282	0.01392	3.578e-05	6.957e-05	0.00155	0.9338	7.28e-07	1.768e-05	1.662e-07	0.04055	0.9362	0.002978	0.0007925	9.656e-06	0.01665	6.749e-09	0.0142	0.8974	1.376e-08	0.008377	0.008442	0.01463	0.01665	0	0	0	0	0	0	0	0.95	0	0	0	0	0.95	0	0	0	0	0	0	0.95	0	0	0	0	0
_D:	9	49	155	evt_155	0	0	0.9919	0.03519	0.08684	0.0008306	0.01414	0	0	0	0	0	0	0	0	0.95	0	0	0	0	0.95	0	0	0	0	0	0	0	0	0	0	0	0	0	0	0	0	0	0	0	0	0	0	0	7.288e-10	0.1471	0.0001392	2.958e-09	0.01506	0.0007795	0.01673	0.03472	0.9114	6.953e-06	8.292e-06	7.44e-08	0.001541	0.9033	0.00264	0.02511	1.477e-06	0.009899	0.06454	1.885e-06	4.661e-05	0.03723	3.079e-07	1.747e-05	0.000792	0	0	0	0	0	0	0	0	0.95	0	0	0	0	0.95	0	0	0	0	0	0	0	0	0	0	0
_D:	9	49	156	evt_156	0	0	0.9905	0.06772	0.1617	0.01852	0.02992	0	0	0	0	0	0	0	0	0	0.95	0	0	0	0	0	0	0.95	0	0	0	0	0.95	0.95	0	0	0	0	0	0	0	0	0	0	0	0	0	0	0.03196	0.2315	1.232e-05	0.0001431	2.203e-06	1.105e-08	0.003384	1.183e-05	0.04412	0.9272	0.0008199	1.957e-05	0.03798	0.007669	0.001757	0.005739	0.8975	0.0008968	0.000524	0.003628	0.000311	0.9238	0.9014	0.009937	0.01102	0	0	0	0	0	0	0	0	0	0.95	0	0	0	0	0	0	0.95	0	0	0	0	0.95	0.95	0	0
_D:	9	49	157	evt_157	0	0	0.9726	0.06608	0.1653	0.00605	0.0562	0	0	0.95	0.95	0	0	0	0	0	0	0.95	0	0	0	0	0.95	0	0	0	0	0	0	0	0	0	0	0	0	0	0	0	0	0	0	0	0	0	0.0002703	0.3939	0.9149	0.878	0.01049	2.842e-05	0.0006605	0.01724	0.05817	0.004108	0.9132	0.01889	0.0009869	4.384e-05	9.542e-05	0.892	0.001345	0.006974	5.921e-06	0.0006169	0.007118	0.0003747	0.009464	0.003609	0.0006421	0	0	0.95	0.95	0	0	0	0	0	0	0.95	0	0	0	0	0.95	0	0	0	0	0	0	0	0	0
_D:	9	49	158	evt_158	0	0	0.9953	0.06482	0.1579	4.326e-06	4.034e-14	0	0	0.95	0	0	0	0	0	0	0.95	0	0	0	0	0	0.95	0	0	0	0	0	0	0	0	0.95	0	0	0	0	0	0	0	0	0	0	0	0	0.008871	0.1571	0.9114	0.01505	8.578e-07	0.0002257	0.01704	0.01069	0.04456	0.9268	0.002362	0.006277	5.34e-05	0.007506	0.0111	0.8753	0.01049	0.002242	0.0009212	0.0008276	0.0002147	0.0001297	0.001124	0.006068	0.9319	0	0	0.95	0	0	0	0	0	0	0.95	0	0	0	0	0	0.95	0	0	0	0	0	0	0	0	0.95
_D:	9	49	159	evt_159	0	0	0.9619	0.05737	0.1329	0.01006	0.02521	0	0	0	0.95	0	0	0	0	0	0	0	0	0	0	0	0	0	0	0	0.95	0	0	0	0.95	0	0	0	0	0	0	0	0	0	0	0	0	0	0.001596	0.0008275	0.0007689	0.9255	0.0009356	0.0001351	0.002296	0.008993	0.431	0.008245	0.007415	0.01126	0.03253	0.0001954	2.313e-06	0.009852	0.0007129	2.479e-05	0.003136	0.9316	3.941e-06	5.555e-06	0.01518	0.9291	2.01e-05	0	0	0	0.95	0	0	0	0	0	0	0	0	0	0	0	0	0	0	0	0.95	0	0	0	0.95	0
_D:	9	49	160	evt_160	0	0	0.9817	0.05541	0.1351	0.03796	0.01363	0	0	0.95	0	0	0	0.95	0	0.95	0	0	0	0	0	0	0	0	0	0	0	0	0	0	0	0	0	0	0	0	0	0	0	0	0	0	0	0	7.432e-06	0.01194	0.9285	0.00052	0.005132	0.01152	0.9145	2.4e-06	0.9141	0.02523	0.01981	0.04775	3.999e-06	0.01808	0.001389	0.2847	0.003608	0.01055	0.009257	5.291e-07	0.06033	0.01348	0.0006272	0.0836	0.01234	0	0	0.95	0	0	0	0.95	0	0.95	0	0	0	0	0	0	0	0	0	0	0	0	0	0	0	0
_D:	9	49	161	evt_161	0	0	0.9988	0.06633	0.1563	0.03714	0.03463	0	0	0	0	0	0.95	0	0	0	0	0	0	0.95	0	0	0	0	0	0	0	0.95	0	0	0	0.95	0	0	0	0	0	0	0	0	0	0	0	0	1.517e-05	0.00848	0.002635	0.001095	3.562e-06	0.92	1.4e-06	0.001517	0.0003924	3.26e-05	0.02912	0.04387	0.9229	0.001494	0.005756	0.03436	0.06948	9.067e-08	0.01299	5.576e-07	0.9252	0.0001239	0.007516	1.5e-07	0.9209	0	0	0	0	0	0.95	0	0	0	0	0	0	0.95	0	0	0	0	0	0	0	0.95	0	0	0	0.95
_D:	9	49	162	evt_162	0.2831	0.01132	0.941	0.05729	0.1393	0.006586	0.03236	0	0.95	0	0	0	0	0.95	0	0	0.95	0	0	0	0	0	0	0	0	0	0	0	0	0	0	0	0	0	0	0	0	0	0	0	0	0	0	0	4.384e-05	0.9151	0.003357	0.01143	0.01134	1.829e-10	0.9145	2.241e-08	1.782e-05	0.9279	4.652e-05	4.308e-06	0.0004743	0.01503	6.608e-06	2.769e-08	0.04262	0.5321	0.0002075	8.932e-07	0.07743	7.184e-05	0.01245	0.003428	0.01587	0	0.95	0	0	0	0	0.95	0	0	0.95	0	0	0	0	0	0	0	0	0	0	0	0	0	0	0
_D:	9	49	163	evt_163	0.2546	0.01018	0.9027	0.04341	0.1101	0.009198	0.05867	0	0	0	0	0	0	0	0	0	0	0	0	0	0	0	0	0	0	0.95	0	0.95	0	0	0	0	0	0	0	0	0	0	0	0	0	0	0	0	6.103e-17	1.437e-05	0.0004365	1.038e-05	0.001046	0.3291	0.003463	5.642e-10	0.0157	0.009212	0.008292	0.02218	0.005611	2.718e-07	0.5046	1.519e-05	9.105e-08	1.302e-07	0.9308	6.868e-07	0.9209	2.806e-08	7.355e-07	2.832e-05	0.001037	0	0	0	0	0	0	0	0	0	0	0	0	0	0	0	0	0	0	0.95	0	0.95	0	0	0	0
_D:	9	49	164	evt_164	0.2654	0.01061	0.9464	0.0587	0.1359	0.01875	0.01038	0	0	0	0	0	0	0	0.95	0	0	0	0	0.95	0	0	0	0.95	0	0	0	0	0	0	0	0	0	0	0	0	0	0	0	0	0	0	0	0	0.00402	0.002788	4.791e-06	0.005814	0.006967	5.373e-06	0.008193	0.9375	5.667e-08	0.000193	0.008422	0.01025	0.9333	0.5151	0.005645	0.002292	0.9163	0.01142	2.933e-05	0.00332	7.037e-07	0.01614	0.009394	0.0001064	0.0003296	0	0	0	0	0	0	0	0.95	0	0	0	0	0.95	0	0	0	0.95	0	0	0	0	0	0	0	0
_D:	9	49	165	evt_165	0	0	0.9999	0.07435	0.1859	0.03515	0.0269	0.95	0	0	0.95	0	0	0	0.95	0	0	0	0	0	0	0	0	0	0	0	0.95	0	0	0	0.95	0	0	0	0	0	0	0	0	0	0	0	0	0	0.9113	4.496e-06	0.009723	0.9221	5.831e-06	9.003e-06	5.727e-05	0.9054	3.846e-07	0.009398	0.0009997	0.006128	0.006223	5.158e-05	0.01017	0.003897	0.001692	6.994e-08	0.001728	0.9179	0.001535	4.431e-05	0.007345	0.931	0.00132	0.95	0	0	0.95	0	0	0	0.95	0	0	0	0	0	0	0	0	0	0	0	0.95	0	0	0	0.95	0
_D:	9	49	166	evt_166	0	0	0.9633	0.06135	0.1384	0.02414	0.02168	0	0	0	0	0.95	0	0	0	0	0	0	0	0	0	0.95	0	0	0	0	0	0	0	0	0	0.95	0	0	0	0	0	0	0	0	0	0	0	0	0.01215	4.833e-05	0.003873	0.005466	0.9347	0.0004535	0.01629	0.01085	0.009065	0.01521	0.007328	0.01162	0.02356	0.4251	0.9152	0.009835	5.44e-05	0.005145	0.001233	0.01959	0.03456	0.01939	0.03628	0.007371	0.9347	0	0	0	0	0.95	0	0	0	0	0	0	0	0	0	0.95	0	0	0	0	0	0	0	0	0	0.95
_D:	9	49	167	evt_167	0	0	0.9727	0.06778	0.172	0.03028	0.02436	0	0	0	0	0	0	0	0.95	0	0	0	0	0	0.95	0	0	0.95	0.95	0	0	0	0	0	0	0	0	0	0	0	0	0	0	0	0	0	0	0	4.046e-05	0.0003579	1.065e-07	3.119e-07	0.008662	0.0001268	0.007565	0.9344	0.3569	0.008322	3.602e-05	0.001751	0.008529	0.9047	0.007309	2.116e-06	0.9061	0.9395	0.0003704	0.001226	0.009206	0.0001146	0.204	1.225e-05	5.601e-05	0	0	0	0	0	0	0	0.95	0	0	0	0	0	0.95	0	0	0.95	0.95	0	0	0	0	0	0	0
_D:	9	49	168	evt_168	0	0	0.9662	0.06645	0.169	0.01035	0.02096	0	0	0	0	0.95	0	0	0	0	0.95	0	0.95	0	0	0	0.95	0	0	0	0	0	0	0	0	0	0	0	0	0	0	0	0	0	0	0	0	0	2.607e-06	0.0004218	1.619e-06	0.01145	0.913	2.685e-11	0.0002897	0.008911	0.009754	0.9162	0.009445	0.921	0.0007306	0.001012	0.002298	0.9038	0.002928	7.367e-06	0.01089	0.0002287	9.159e-05	3.319e-07	0.04644	0.01812	0.4474	0	0	0	0	0.95	0	0	0	0	0.95	0	0.95	0	0	0	0.95	0	0	0	0	0	0	0	0	0
_D:	9	49	169	evt_169	0	0	0.978	0.05331	0.1321	0.01024	0.02292	0.95	0	0	0	0	0	0.95	0	0	0	0	0	0	0	0	0	0	0	0	0	0	0	0.95	0	0	0	0	0	0	0	0	0	0	0	0	0	0	0.9289	6.976e-05	8.786e-05	0.002794	9.024e-08	2.795e-07	0.9237	0.01223	4.836e-06	0.01307	0.3018	9.932e-09	0.1317	0.003568	0.0002784	0.03748	0.007979	5.629e-06	1.458e-11	0.001082	0.004209	9.623e-06	0.9243	0.0001232	0.007996	0.95	0	0	0	0	0	0.95	0	0	0	0	0	0	0	0	0	0	0	0	0	0	0	0.95	0	0
_D:	9	49	170	evt_170	0	0	0.9902	0.07537	0.2023	0.02565	0.0309	0	0	0.95	0	0	0.95	0	0	0	0	0	0	0.95	0	0.95	0	0	0	0.95	0	0	0	0	0	0	0	0	0	0	0	0	0	0	0	0	0	0	4.577e-05	0.0003187	0.9104	0.001161	7.206e-05	0.9144	8.402e-08	0.002321	0.0001625	1.076e-07	0.02287	0.0007214	0.9122	0.1772	0.8887	0.001565	8.361e-05	0.02977	0.9075	0.05184	0.1956	8.357e-05	0.01031	2.817e-06	0.02973	0	0	0.95	0	0	0.95	0	0	0	0	0	0	0.95	0	0.95	0	0	0	0.95	0	0	0	0	0	0
_D:	9	49	171	evt_171	0	0	0.9998	0.09161	0.2531	0.0281	0.03156	0	0	0	0	0.95	0	0.95	0	0	0.95	0	0	0	0.95	0.95	0.95	0	0	0	0	0	0	0	0.95	0	0	0	0	0	0	0	0	0	0	0	0	0	0.000631	3.542e-07	2.873e-05	1.508e-06	0.8987	9.52e-08	0.9106	8.192e-07	0.0003894	0.9131	7.387e-05	0.0001391	0.0002188	0.8795	0.9178	0.9063	0.001083	1.057e-05	1.509e-06	1.09e-06	3.156e-05	1.824e-06	0.000269	0.8884	0.009965	0	0	0	0	0.95	0	0.95	0	0	0.95	0	0	0	0.95	0.95	0.95	0	0	0	0	0	0	0	0.95	0
_D:	9	49	172	evt_172	0	0	0.9863	0.09312	0.2674	0.02732	0.03529	0	0	0	0.95	0.95	0	0	0	0.95	0	0	0	0	0	0	0	0	0.95	0.95	0.95	0	0	0.95	0	0	0	0	0	0	0	0	0	0	0	0	0	0	5.74e-06	0.3372	0.001037	0.9067	0.9092	1.328e-07	6.877e-07	0.002986	0.8991	0.02179	0.01184	0.01114	0.003044	0.0007034	0.009725	0.0003427	0.0004394	0.9155	0.8617	0.8872	0.0001251	8.064e-07	0.9036	0.0003967	0.0001423	0	0	0	0.95	0.95	0	0	0	0.95	0	0	0	0	0	0	0	0	0.95	0.95	0.95	0	0	0.95	0	0
_D:	9	49	173	evt_173	0	0	0.991	0.06367	0.1609	0.03397	0.01955	0.95	0	0	0	0	0	0.95	0	0	0	0.95	0	0	0	0	0	0	0	0	0	0	0	0.95	0	0	0	0	0	0	0	0	0	0	0	0	0	0	0.9231	0.001829	0.2084	0.01174	1.122e-05	0.0001598	0.9154	0.0005923	1.594e-05	0.1051	0.8879	2.973e-09	0.0189	0.007696	0.0105	0.01004	0.0004635	8.328e-07	3.383e-07	3.534e-05	0.008817	0.00298	0.9101	2.614e-05	2.253e-05	0.95	0	0	0	0	0	0.95	0	0	0	0.95	0	0	0	0	0	0	0	0	0	0	0	0.95	0	0
_D:	9	49	174	evt_174	0.4499	0.018	0.9104	0.0582	0.1407	0.05349	5.426e-06	0	0	0	0.95	0	0	0	0	0	0	0	0	0.95	0	0	0	0	0	0	0	0	0	0.95	0	0	0	0	0	0	0	0	0	0	0	0	0	0	0.00059	0.008724	4.034e-06	0.9008	0.01713	0.0002158	0.000943	0.0002645	0.009054	3.575e-06	0.002912	0.01043	0.9289	0.01838	0.01187	0.0001435	0.6707	0.01214	4.503e-07	0.0004605	0.0001586	0.0001229	0.923	1.72e-05	0.0005211	0	0	0	0.95	0	0	0	0	0	0	0	0	0.95	0	0	0	0	0	0	0	0	0	0.95	0	0
_D:	9	49	175	evt_175	0	0	0.9548	0.05762	0.1406	0.04433	0.02539	0.95	0	0	0	0	0	0	0	0	0.95	0	0	0	0	0	0	0	0	0	0	0	0	0	0.95	0	0	0	0	0	0	0	0	0	0	0	0	0	0.9122	1.336e-05	9.666e-05	0.000454	0.01316	0.006474	0.369	0.01014	0.002341	0.9298	0.01506	0.0003895	2.572e-09	3.06e-06	0.009435	0.0008396	0.3	0.000382	0.005573	0.008622	0.0004818	1.286e-05	1.105e-05	0.9213	0.008241	0.95	0	0	0	0	0	0	0	0	0.95	0	0	0	0	0	0	0	0	0	0	0	0	0	0.95	0
_D:	9	49	176	evt_176	0	0	0.9291	0.05832	0.1549	0.0008975	0.04568	0	0	0	0.95	0	0	0	0	0	0	0.95	0.95	0	0	0	0	0	0	0	0	0	0	0	0	0	0	0	0	0	0	0	0	0	0	0	0	0	0.001559	0.001964	0.3422	0.9073	0.01495	2.739e-05	4.405e-05	0.2822	3.035e-05	0.01324	0.9234	0.8987	0.01067	0.00181	1.231e-05	0.009879	8.338e-05	0.4112	0.01047	0.01032	0.008672	4.377e-11	0.006543	0.009432	0.006627	0	0	0	0.95	0	0	0	0	0	0	0.95	0.95	0	0	0	0	0	0	0	0	0	0	0	0	0
_D:	9	49	177	evt_177	0.2993	0.01197	0.9137	0.06226	0.1581	0.03736	0.02502	0	0	0	0	0	0	0	0	0	0.95	0	0	0	0	0	0	0	0	0	0.95	0	0	0	0.95	0	0	0	0	0	0	0	0	0	0	0	0	0	0.0009493	0.009536	0.006954	0.01336	0.0003473	0.0004246	2.283e-05	0.002241	0.115	0.9404	2.433e-06	0.0005577	0.00246	0.01108	0.000177	0.5471	0.3892	0.006986	0.01178	0.9279	9.243e-08	0.0001163	2.492e-07	0.9326	0.03386	0	0	0	0	0	0	0	0	0	0.95	0	0	0	0	0	0	0	0	0	0.95	0	0	0	0.95	0
_D:	9	49	178	evt_178	0.3104	0.01241	0.9485	0.07658	0.2186	0.02247	0.06581	0	0	0.95	0	0	0.95	0	0	0	0	0.95	0	0	0	0	0.95	0	0.95	0	0	0	0	0	0	0	0	0	0	0	0	0	0	0	0	0	0	0	0.01013	0.01373	0.9157	2.757e-05	0.004195	0.9079	1.566e-05	0.000126	0.0504	4.504e-05	0.9195	0.003806	8.399e-05	7.977e-05	0.004177	0.9088	0.001603	0.8953	0.2467	0.01025	0.008953	1.521e-06	3.088e-05	0.007253	0.5571	0	0	0.95	0	0	0.95	0	0	0	0	0.95	0	0	0	0	0.95	0	0.95	0	0	0	0	0	0	0
_D:	9	49	179	evt_179	0	0	0.9741	0.05788	0.1356	0.04238	0.0368	0	0	0	0	0	0	0.95	0	0	0	0	0	0	0	0	0.95	0	0	0	0	0.95	0	0	0	0	0	0	0	0	0	0	0	0	0	0	0	0	0.05818	6.96e-05	0.0002555	1.489e-05	0.007716	4.13e-08	0.9474	0.001779	7.391e-06	0.009288	0.001217	0.002016	0.004427	0.3281	0.0001125	0.916	0.1445	3.882e-05	0.004813	0.0006838	0.9429	0.007266	0.00168	0.01018	0.001356	0	0	0	0	0	0	0.95	0	0	0	0	0	0	0	0	0.95	0	0	0	0	0.95	0	0	0	0
